STARLINK-1007           
1 44713C 19074A   23087.84493056 -.00070482  00000+0 -47249-2 0   877
2 44713  53.0542 340.7607 0001052 108.8486 226.5433 15.06449778    17
STARLINK-1008           
1 44714C 19074B   23087.84423611 -.00099342  00000+0 -66588-2 0   871
2 44714  53.0539 340.7689 0001107  76.1589  10.3510 15.06483026    15
STARLINK-1009           
1 44715C 19074C   23087.83034722 -.00089939  00000+0 -60289-2 0   875
2 44715  53.0543 340.8281 0000822  72.8289 358.2874 15.06471528    14
STARLINK-1010           
1 44716C 19074D   23087.84840278 -.00094995  00000+0 -63674-2 0   877
2 44716  53.0547 340.7471 0001265  67.0723   2.0260 15.06478402    11
STARLINK-1011           
1 44717C 19074E   23087.84701389 -.00125798  00000+0 -84307-2 0   879
2 44717  53.0546   0.7510 0001250 105.3284 326.2797 15.06515654    17
STARLINK-1012           
1 44718C 19074F   23087.85534722 -.00110627  00000+0 -74146-2 0   871
2 44718  53.0539 340.7137 0000805  74.5897 192.2054 15.06497442    15
STARLINK-1013           
1 44719C 19074G   23087.82687500 -.00113592  00000+0 -76150-2 0   873
2 44719  53.0527 340.8414 0001058  64.2418   8.0850 15.06492415    11
STARLINK-1014           
1 44720C 19074H   23087.84701389 -.00039153  00000+0 -26244-2 0   878
2 44720  53.0533 340.7413 0001176  81.2679   5.5056 15.06423058    14
STARLINK-1015           
1 44721C 19074J   23087.83243056 -.00106545  00000+0 -71419-2 0   874
2 44721  53.0540 340.8185 0001148  69.1467 353.3068 15.06488521    12
STARLINK-1017           
1 44723C 19074L   23087.85465278 -.00102401  00000+0 -68640-2 0   879
2 44723  53.0545 340.7200 0001317  89.7452 353.3412 15.06484939    18
STARLINK-1019           
1 44724C 19074M   23087.84493056 -.00111317  00000+0 -74606-2 0   879
2 44724  53.0550 340.7617 0001087  85.6422 144.6286 15.06499238    11
STARLINK-1020           
1 44725C 19074N   23087.85187500 -.00123423  00000+0 -82736-2 0   879
2 44725  53.0538   0.7301 0001155  76.0369 161.9421 15.06503963    15
STARLINK-1021           
1 44726C 19074P   23087.84006944 -.00106609  00000+0 -71454-2 0   873
2 44726  53.0550 340.7853 0001052  80.1921 143.7140 15.06492719    17
STARLINK-1022           
1 44727C 19074Q   23087.84006944 -.00064152  00000+0 -43011-2 0   878
2 44727  53.0548  20.7820 0001014  93.7376 295.3288 15.06438844    12
STARLINK-1024           
1 44729C 19074S   23087.86020833  .00125742  00000+0  34806-2 0   878
2 44729  53.0198 320.4551 0005992 203.2417  99.6372 15.36280592    16
STARLINK-1026           
1 44731C 19074U   23087.85187500 -.00111271  00000+0 -74575-2 0   876
2 44731  53.0538 340.7303 0001025  91.8584 136.0863 15.06499237    12
STARLINK-1027           
1 44732C 19074V   23087.83937500 -.00110870  00000+0 -74290-2 0   876
2 44732  53.0542   0.7868 0001080  91.9149 138.1631 15.06506780    14
STARLINK-1028           
1 44733C 19074W   23087.84215278 -.00135440  00000+0 -90776-2 0   876
2 44733  53.0547 340.7755 0000871  78.1483 177.0356 15.06522608    10
STARLINK-1029           
1 44734C 19074X   23087.82270833 -.00012347  00000+0 -82791-3 0   872
2 44734  53.0530 260.8617 0000999  69.3040   0.4842 15.06382903    15
STARLINK-1030           
1 44735C 19074Y   23087.84979167 -.00090839  00000+0 -60889-2 0   876
2 44735  53.0545   0.7407 0001203  99.3649 147.2476 15.06474259    16
STARLINK-1031           
1 44736C 19074Z   23087.82618056 -.00110990  00000+0 -74375-2 0   878
2 44736  53.0541   0.8455 0001367  95.3248 303.1389 15.06504389    13
STARLINK-1032           
1 44737C 19074AA  23087.84284722 -.00113201  00000+0 -75860-2 0   878
2 44737  53.0549   0.7702 0001217  83.1306 345.7731 15.06505178    10
STARLINK-1033           
1 44738C 19074AB  23087.82409722 -.00055280  00000+0 -37032-2 0   877
2 44738  53.0542   0.8550 0001364  89.2650 317.9715 15.06460048    17
STARLINK-1035           
1 44740C 19074AD  23087.84145833 -.00039859  00000+0 -26708-2 0   874
2 44740  53.0545   0.7765 0001212  79.0218   2.4530 15.06435747    18
STARLINK-1036           
1 44741C 19074AE  23087.85395833 -.00087791  00000+0 -58844-2 0   877
2 44741  53.0549   0.7198 0001008 105.0536 344.1939 15.06472829    10
STARLINK-1038           
1 44743C 19074AG  23087.83659722 -.00136801  00000+0 -91631-2 0   875
2 44743  53.0546  20.7971 0001218  78.7181   6.2416 15.06546613    14
STARLINK-1039           
1 44744C 19074AH  23087.83659722 -.00109977  00000+0 -73689-2 0   873
2 44744  53.0548  20.7978 0001034 119.5183 265.5034 15.06507447    14
STARLINK-1041           
1 44746C 19074AK  23087.83729167 -.00111079  00000+0 -74423-2 0   879
2 44746  53.0545  20.7942 0001312  87.0058  21.7515 15.06510202    12
STARLINK-1042           
1 44747C 19074AL  23087.84284722 -.00131211  00000+0 -89858-2 0   872
2 44747  53.0560  20.6823 0001231  82.1411 302.2693 15.05718676    14
STARLINK-1043           
1 44748C 19074AM  23087.84770833 -.00131402  00000+0 -88055-2 0   876
2 44748  53.0543  20.7478 0001322  85.5631 119.8113 15.06524284    15
STARLINK-1046           
1 44751C 19074AQ  23087.84076389 -.00125132  00000+0 -83835-2 0   879
2 44751  53.0544  20.7789 0001148  80.5719   7.0613 15.06526029    15
STARLINK-1047           
1 44752C 19074AR  23087.85951389 -.00135895  00000+0 -91069-2 0   878
2 44752  53.0556   0.6952 0001084  72.0259   7.3867 15.06527996    10
STARLINK-1048           
1 44753C 19074AS  23087.84701389 -.00165267  00000+0 -11072-1 0   872
2 44753  53.0542 340.7513 0001409  88.1354 253.3912 15.06566890    12
STARLINK-1049           
1 44754C 19074AT  23087.85604167 -.00101772  00000+0 -68216-2 0   874
2 44754  53.0540 340.7116 0001245 111.0391 259.5631 15.06485876    15
STARLINK-1052           
1 44757C 19074AW  23087.84770833 -.00039256  00000+0 -26287-2 0   879
2 44757  53.0545   0.7488 0001005  90.1369 225.1593 15.06459820    10
STARLINK-1053           
1 44758C 19074AX  23087.84979167 -.00122806  00000+0 -82290-2 0   871
2 44758  53.0551  20.8290 0001263  82.6784 153.8777 15.06518007    19
STARLINK-1054           
1 44759C 19074AY  23087.84423611 -.00103390  00000+0 -69266-2 0   875
2 44759  53.0545  20.7633 0001089  83.5724 222.8680 15.06506072    12
STARLINK-1055           
1 44760C 19074AZ  23087.85118056  .00048495  00000+0  27818-2 0   871
2 44760  53.0546  19.1600 0002284  96.8098  60.6858 15.12011750    16
STARLINK-1056           
1 44761C 19074BA  23087.84284722 -.00154310  00000+0 -10334-1 0   875
2 44761  53.0546  20.7703 0001024 113.7348 205.1928 15.06572177    19
STARLINK-1057           
1 44762C 19074BB  23087.84979167 -.00107484  00000+0 -72029-2 0   870
2 44762  53.0549   0.7392 0001152  87.0725 259.5342 15.06499455    19
STARLINK-1058           
1 44763C 19074BC  23087.84284722 -.00129599  00000+0 -86842-2 0   876
2 44763  53.0548  20.7613 0001128  83.1978 120.8986 15.06524844    12
STARLINK-1059           
1 44764C 19074BD  23087.84076389  .00001201  00000+0  55883-4 0   875
2 44764  53.0609 351.4851 0004387 148.8156 329.5233 15.19407688    19
STARLINK-1060           
1 44765C 19074BE  23087.84423611 -.00099241  00000+0 -66524-2 0   875
2 44765  53.0546   0.7660 0000927  77.9994 158.4716 15.06481126    10
STARLINK-1061           
1 44766C 19074BF  23087.81298611 -.00126959  00000+0 -85057-2 0   872
2 44766  53.0547  20.9036 0001130  83.0968 353.8303 15.06529040    10
STARLINK-1062           
1 44767C 19074BG  23087.84979167 -.00146362  00000+0 -98085-2 0   873
2 44767  53.0542  20.7282 0000867  86.2457 235.5577 15.06537545    19
STARLINK-1063           
1 44768C 19074BH  23087.85187500 -.00135039  00000+0 -90481-2 0   878
2 44768  53.0550  20.7339 0001311  76.4028 131.5432 15.06532664    14
STARLINK-1067           
1 44771C 19074BL  23087.83937500 -.00124764  00000+0 -83582-2 0   870
2 44771  53.0543  20.7855 0000982  94.7518 105.2936 15.06528652    12
STARLINK-1068           
1 44772C 19074BM  23087.85465278 -.00120605  00000+0 -80813-2 0   875
2 44772  53.0547   0.7223 0001045  76.7040 256.3220 15.06516915    18
STARLINK-1073           
1 44914C 20001A   23087.85118056 -.00000068  00000+0 -45255-5 0   878
2 44914  53.0516 140.7336 0001188  84.2996 139.8972 15.06427048    11
STARLINK-1084           
1 44915C 20001B   23087.84909722 -.00030446  00000+0 -20356-2 0   871
2 44915  53.0534 140.7425 0002109  66.1783 346.5652 15.06506444    18
STARLINK-1098           
1 44917C 20001D   23087.84979167  .00001483  00000+0  99273-4 0   876
2 44917  53.0535 140.7422 0001416  84.7583 311.8671 15.06420673    17
STARLINK-1099           
1 44918C 20001E   23087.84979167 -.00003883  00000+0 -26008-3 0   870
2 44918  53.0519 140.7687 0000983  87.3946 234.4221 15.06411464    12
STARLINK-1102           
1 44920C 20001G   23087.84909722  .00035609  00000+0  18532-2 0   874
2 44920  53.0538 136.7981 0004885  19.5760 111.7410 15.15476248    12
STARLINK-1103           
1 44921C 20001H   23087.83243056 -.00004913  00000+0 -32883-3 0   877
2 44921  53.0534 140.8059 0001299  82.8802 324.6932 15.06445731    14
STARLINK-1104           
1 44922C 20001J   23087.84840278 -.00008516  00000+0 -57001-3 0   870
2 44922  53.0517 140.7465 0001275  81.7280 227.3520 15.06446058    13
STARLINK-1106           
1 44923C 20001K   23087.84770833 -.00000416  00000+0 -24956-4 0   875
2 44923  53.0534 139.4708 0001752 318.3151 154.9215 15.10426359    17