-22253.65635
-22251.50179
-22249.34722
-22247.14011
-22244.93299
-22242.77843
-22240.62386
-22238.41675
-22236.20963
-22234.05507
-22231.84795
-22229.64084
-22227.48627
-22225.27916
-22223.12459
-22220.91748
-22218.71036
-22216.50325
-22214.34868
-22212.08902
-22209.93445
-22207.72734
-22205.57278
-22203.31311
-22201.15855
-22198.89888
-22196.74432
-22194.5372
-22192.33009
-22190.07042
-22187.91586
-22185.70874
-22183.50163
-22181.24196
-22179.0874
-22176.88028
-22174.62062
-22172.4135
-22170.20639
-22167.99927
-22165.79216
-22163.53249
-22161.37793
-22159.11826
-22156.8586
-22154.70403
-22152.44437
-22150.23725
-22147.97759
-22145.77047
-22143.56336
-22141.30369
-22139.09658
-22136.83691
-22134.6298
-22132.37013
-22130.16302
-22127.90335
-22125.69624
-22123.43657
-22121.22946
-22118.96979
-22116.71013
-22114.50301
-22112.24335
-22109.98368
-22107.72401
-22105.5169
-22103.25723
-22101.05012
-22098.7379
-22096.53079
-22094.27112
-22092.01146
-22089.75179
-22087.49213
-22085.23246
-22083.02535
-22080.71313
-22078.45347
-22076.24635
-22073.93414
-22071.67447
-22069.46736
-22067.15514
-22064.89548
-22062.63581
-22060.37615
-22058.11648
-22055.80426
-22053.5446
-22051.33748
-22048.97272
-22046.7656
-22044.45339
-22042.19372
-22039.93406
-22037.62184
-22035.36218
-22033.10251
-22030.7903
-22028.53063
-22026.21841
-22023.95875
-22021.69908
-22019.38687
-22017.07465
-22014.81499
-22012.50277
-22010.24311
-22007.93089
-22005.61868
-22003.35901
-22001.04679
-21998.78713
-21996.42236
-21994.1627
-21991.90303
-21989.53827
-21987.2786
-21984.96639
-21982.65417
-21980.34196
-21978.02974
-21975.77007
-21973.40531
-21971.14564
-21968.78088
-21966.52121
-21964.209
-21961.84423
-21959.58456
-21957.27235
-21954.90758
-21952.59537
-21950.3357
-21947.97094
-21945.65872
-21943.34651
-21940.98174
-21938.72207
-21936.35731
-21934.04509
-21931.68033
-21929.36811
-21927.0559
-21924.74368
-21922.37891
-21920.0667
-21917.70193
-21915.38972
-21913.0775
-21910.71274
-21908.40052
-21906.03575
-21903.67099
-21901.35877
-21899.04656
-21896.68179
-21894.31702
-21892.00481
-21889.58749
-21887.32783
-21884.91051
-21882.5983
-21880.23353
-21877.92131
-21875.504
-21873.19178
-21870.82702
-21868.46225
-21866.09748
-21863.73272
-21861.4205
-21859.00319
-21856.69097
-21854.27365
-21851.96144
-21849.59667
-21847.17936
-21844.86714
-21842.44982
-21840.08506
-21837.77284
-21835.35553
-21832.99076
-21830.57344
-21828.26123
-21825.84391
-21823.47915
-21821.11438
-21818.69706
-21816.38485
-21813.91498
-21811.60277
-21809.18545
-21806.82068
-21804.40337
-21802.0386
-21799.62129
-21797.25652
-21794.89175
-21792.47444
-21790.05712
-21787.69235
-21785.27504
-21782.91027
-21780.49296
-21778.12819
-21775.65832
-21773.29356
-21770.92879
-21768.45892
-21766.09416
-21763.67684
-21761.25953
-21758.89476
-21756.47744
-21754.00758
-21751.64281
-21749.2255
-21746.80818
-21744.39086
-21742.0261
-21739.55623
-21737.13891
-21734.7216
-21732.30428
-21729.88696
-21727.46965
-21725.05233
-21722.58247
-21720.2177
-21717.74783
-21715.33052
-21712.9132
-21710.49588
-21708.02602
-21705.6087
-21703.19138
-21700.77407
-21698.3042
-21695.83433
-21693.46957
-21690.9997
-21688.52984
-21686.11252
-21683.6952
-21681.22534
-21678.75547
-21676.33815
-21673.92084
-21671.45097
-21668.9811
-21666.51124
-21664.09392
-21661.62405
-21659.20674
-21656.73687
-21654.267
-21651.79714
-21649.37982
-21646.8574
-21644.44009
-21641.97022
-21639.5529
-21637.03049
-21634.56062
-21632.1433
-21629.62089
-21627.20357
-21624.68115
-21622.21129
-21619.79397
-21617.27155
-21614.80169
-21612.38437
-21609.86195
-21607.39209
-21604.86967
-21602.45235
-21599.92994
-21597.46007
-21594.9902
-21592.46779
-21589.99792
-21587.52805
-21585.05819
-21582.53577
-21580.01335
-21577.59604
-21575.02107
-21572.60375
-21570.08134
-21567.55892
-21565.08905
-21562.56664
-21560.09677
-21557.57435
-21555.10448
-21552.58207
-21550.05965
-21547.53723
-21545.06737
-21542.54495
-21540.07508
-21537.50012
-21535.03025
-21532.50783
-21529.98542
-21527.463
-21524.99313
-21522.41816
-21519.9483
-21517.37333
-21514.90346
-21512.38105
-21509.80608
-21507.33621
-21504.76125
-21502.29138
-21499.71641
-21497.19399
-21494.72413
-21492.09661
-21489.62674
-21487.10433
-21484.52936
-21482.00694
-21479.48452
-21476.90956
-21474.38714
-21471.86472
-21469.28976
-21466.76734
-21464.24492
-21461.66995
-21459.09499
-21456.57257
-21454.05015
-21451.47519
-21448.95277
-21446.3778
-21443.80283
-21441.28042
-21438.70545
-21436.13048
-21433.60806
-21431.0331
-21428.51068
-21425.88316
-21423.36075
-21420.78578
-21418.21081
-21415.68839
-21413.06088
-21410.53846
-21407.91094
-21405.38852
-21402.81356
-21400.18604
-21397.66362
-21395.08865
-21392.51369
-21389.88617
-21387.36375
-21384.73624
-21382.21382
-21379.5863
-21377.01133
-21374.38382
-21371.8614
-21369.23388
-21366.65891
-21364.08395
-21361.45643
-21358.88146
-21356.30649
-21353.67898
-21351.10401
-21348.47649
-21345.90152
-21343.32656
-21340.69904
-21338.07152
-21335.49655
-21332.86904
-21330.29407
-21327.66655
-21325.09158
-21322.41151
-21319.8891
-21317.20903
-21314.63406
-21311.95399
-21309.43158
-21306.75151
-21304.12399
-21301.54902
-21298.92151
-21296.29399
-21293.66647
-21291.03895
-21288.41143
-21285.78392
-21283.1564
-21280.52888
-21277.90136
-21275.27385
-21272.64633
-21269.96626
-21267.39129
-21264.71122
-21262.13626
-21259.45619
-21256.77612
-21254.20115
-21251.52109
-21248.89357
-21246.2135
-21243.58598
-21240.95846
-21238.33095
-21235.65088
-21232.97081
-21230.34329
-21227.71578
-21225.03571
-21222.35564
-21219.72812
-21217.04805
-21214.42054
-21211.74047
-21209.11295
-21206.38033
-21203.75281
-21201.1253
-21198.39268
-21195.76516
-21193.08509
-21190.40502
-21187.77751
-21185.04489
-21182.41737
-21179.68475
-21177.05723
-21174.37717
-21171.64455
-21169.01703
-21166.33696
-21163.65689
-21160.92427
-21158.29676
-21155.56414
-21152.88407
-21150.204
-21147.52393
-21144.84387
-21142.11125
-21139.43118
-21136.75111
-21134.01849
-21131.39098
-21128.60581
-21125.97829
-21123.24567
-21120.51305
-21117.83298
-21115.15292
-21112.4203
-21109.74023
-21107.00761
-21104.27499
-21101.59492
-21098.86231
-21096.18224
-21093.44962
-21090.717
-21088.03693
-21085.25176
-21082.5717
-21079.83908
-21077.15901
-21074.37384
-21071.69377
-21068.96115
-21066.22854
-21063.49592
-21060.7633
-21058.03068
-21055.29806
-21052.56544
-21049.83282
-21047.10021
-21044.36759
-21041.58242
-21038.90235
-21036.11718
-21033.38456
-21030.65195
-21027.91933
-21025.13416
-21022.40154
-21019.66892
-21016.9363
-21014.15113
-21011.41852
-21008.63335
-21005.90073
-21003.11556
-21000.38294
-20997.59777
-20994.86515
-20992.13254
-20989.29482
-20986.61475
-20983.77703
-20981.04441
-20978.25924
-20975.52662
-20972.74145
-20969.95629
-20967.17112
-20964.38595
-20961.65333
-20958.86816
-20956.08299
-20953.29782
-20950.51265
-20947.72749
-20944.94232
-20942.15715
-20939.42453
-20936.58681
-20933.80164
-20931.01647
-20928.2313
-20925.44614
-20922.60842
-20919.8758
-20917.03808
-20914.25291
-20911.41519
-20908.68257
-20905.84485
-20903.05968
-20900.22196
-20897.4368
-20894.65163
-20891.81391
-20889.02874
-20886.19102
-20883.40585
-20880.56813
-20877.78296
-20874.94524
-20872.16008
-20869.26981
-20866.53719
-20863.64692
-20860.86175
-20858.02403
-20855.23886
-20852.34859
-20849.56342
-20846.7257
-20843.88798
-20841.10282
-20838.21255
-20835.42738
-20832.53711
-20829.75194
-20826.86167
-20824.0765
-20821.18623
-20818.40106
-20815.51079
-20812.67307
-20809.88791
-20806.94509
-20804.15992
-20801.3222
-20798.43193
-20795.59421
-20792.75649
-20789.86622
-20787.0285
-20784.19078
-20781.30051
-20778.46279
-20775.57252
-20772.7348
-20769.89709
-20767.00682
-20764.11655
-20761.27883
-20758.44111
-150975077.1
