26442.60277
26444.80989
26446.96445
26449.17157
26451.32613
26453.53325
26455.68781
26457.89493
26460.04949
26462.20406
26464.41117
26466.56573
26468.77285
26470.87486
26473.08198
26475.23654
26477.44366
26479.54567
26481.75279
26483.8548
26486.06192
26488.21648
26490.37105
26492.52561
26494.62762
26496.83474
26498.9893
26501.09132
26503.29843
26505.40045
26507.55501
26509.65703
26511.86414
26513.96615
26516.12072
26518.27528
26520.3773
26522.47931
26524.68643
26526.78844
26528.89046
26531.04502
26533.14703
26535.3016
26537.45616
26539.50563
26541.66019
26543.81476
26545.86422
26548.01878
26550.1208
26552.27536
26554.32483
26556.47939
26558.58141
26560.68342
26562.78543
26564.88745
26566.98946
26569.09148
26571.24604
26573.2955
26575.39752
26577.49953
26579.60155
26581.65101
26583.80558
26585.85504
26587.95705
26590.05907
26592.10853
26594.21055
26596.31256
26598.41457
26600.46404
26602.5135
26604.66807
26606.66498
26608.81954
26610.81646
26612.91847
26615.02049
26617.06995
26619.11941
26621.22143
26623.27089
26625.32036
26627.42237
26629.41928
26631.5213
26633.57076
26635.67278
26637.66969
26639.7717
26641.76862
26643.87063
26645.86754
26647.96956
26650.01902
26652.01594
26654.11795
26656.11486
26658.16433
26660.21379
26662.26326
26664.31272
26666.30963
26668.3591
26670.40856
26672.45802
26674.45494
26676.5044
26678.50132
26680.55078
26682.60024
26684.59716
26686.59407
26688.64353
26690.693
26692.68991
26694.68682
26696.73629
26698.7332
26700.73012
26702.77958
26704.77649
26706.77341
26708.77032
26710.81978
26712.76415
26714.81361
26716.81052
26718.80744
26720.80435
26722.80126
26724.79818
26726.79509
26728.84455
26730.78892
26732.73328
26734.78274
26736.77966
26738.72402
26740.77349
26742.71785
26744.66221
26746.71168
26748.65604
26750.65295
26752.59732
26754.64678
26756.53859
26758.58806
26760.53242
26762.47678
26764.4737
26766.41806
26768.41497
26770.35934
26772.35625
26774.30061
26776.24497
26778.24189
26780.18625
26782.13061
26784.12753
26786.07189
26787.9637
26790.01317
26791.90498
26793.84934
26795.84626
26797.73807
26799.73498
26801.6268
26803.62371
26805.51552
26807.51244
26809.40425
26811.40116
26813.29297
26815.23734
26817.1817
26819.07351
26821.07043
26822.96224
26824.9066
26826.79842
26828.74278
26830.68714
26832.63151
26834.52332
26836.46768
26838.35949
26840.30386
26842.19567
26844.14003
26846.03185
26847.92366
26849.86802
26851.81238
26853.65165
26855.59601
26857.54037
26859.37964
26861.324
26863.21581
26865.16017
26866.99944
26868.9438
26870.83561
26872.72743
26874.61924
26876.51105
26878.40286
26880.29468
26882.18649
26884.0783
26885.97012
26887.86193
26889.70119
26891.64555
26893.48482
26895.42918
26897.26844
26899.1077
26901.05207
26902.89133
26904.78314
26906.67496
26908.51422
26910.40603
26912.24529
26914.18966
26915.97637
26917.86818
26919.75999
26921.59926
26923.49107
26925.33033
26927.16959
26929.06141
26930.90067
26932.73993
26934.63174
26936.47101
26938.36282
26940.14953
26942.04134
26943.88061
26945.71987
26947.55913
26949.45094
26951.23766
26953.12947
26954.91618
26956.80799
26958.64726
26960.43397
26962.32578
26964.11249
26966.00431
26967.79102
26969.63028
26971.46954
26973.3088
26975.14807
26976.93478
26978.77404
26980.6133
26982.40002
26984.23928
26986.07854
26987.9178
26989.70452
26991.49123
26993.33049
26995.16975
26996.95646
26998.79573
27000.58244
27002.4217
27004.20841
27005.99513
27007.83439
27009.6211
27011.40781
27013.24707
27015.03379
27016.8205
27018.65976
27020.39392
27022.23319
27024.0199
27025.80661
27027.59332
27029.43258
27031.16675
27033.00601
27034.74017
27036.52688
27038.36614
27040.10031
27041.93957
27043.67373
27045.46044
27047.24715
27049.03387
27050.76803
27052.55474
27054.394
27056.12816
27057.86233
27059.64904
27061.43575
27063.22246
27064.95662
27066.74334
27068.53005
27070.26421
27071.99837
27073.78508
27075.5718
27077.30596
27079.04012
27080.82683
27082.56099
27084.3477
27086.08187
27087.81603
27089.60274
27091.3369
27093.07106
27094.85778
27096.59194
27098.27355
27100.06026
27101.84697
27103.52858
27105.3153
27106.99691
27108.78362
27110.46523
27112.25194
27113.9861
27115.66772
27117.45443
27119.13604
27120.92275
27122.60436
27124.33852
27126.07269
27127.80685
27129.54101
27131.22262
27132.95678
27134.69094
27136.42511
27138.10672
27139.84088
27141.57504
27143.25665
27144.99081
27146.67242
27148.40659
27150.14075
27151.82236
27153.50397
27155.23813
27156.91974
27158.65391
27160.33552
27162.06968
27163.75129
27165.4329
27167.11451
27168.84867
27170.53029
27172.26445
27173.89351
27175.62767
27177.30928
27178.99089
27180.6725
27182.40667
27184.03573
27185.76989
27187.39895
27189.13311
27190.76217
27192.49633
27194.1254
27195.85956
27197.48862
27199.22278
27200.85184
27202.53345
27204.21506
27205.84412
27207.57829
27209.20735
27210.88896
27212.51802
27214.25218
27215.88124
27217.56285
27219.19191
27220.87353
27222.50259
27224.1842
27225.86581
27227.49487
27229.17648
27230.80554
27232.48715
27234.11622
27235.79783
27237.37434
27239.1085
27240.68501
27242.36662
27244.04823
27245.62474
27247.30635
27248.93542
27250.61703
27252.19354
27253.87515
27255.50421
27257.13327
27258.76233
27260.44394
27262.02045
27263.64951
27265.33113
27266.90764
27268.58925
27270.16576
27271.84737
27273.42388
27275.05294
27276.682
27278.36361
27279.88757
27281.56919
27283.19825
27284.77476
27286.40382
27288.03288
27289.60939
27291.291
27292.86751
27294.44402
27296.07308
27297.70214
27299.33121
27300.90772
27302.48423
27304.11329
27305.74235
27307.31886
27308.94792
27310.52443
27312.10094
27313.73
27315.35906
27316.88302
27318.51208
27320.14115
27321.66511
27323.29417
27324.87068
27326.49974
27328.07625
27329.60021
27331.28182
27332.80578
27334.38229
27336.01135
27337.53531
27339.16437
27340.74088
27342.26485
27343.89391
27345.47042
27347.04693
27348.62344
27350.1474
27351.77646
27353.30042
27354.92948
27356.45344
27358.02995
27359.60646
27361.18297
27362.70693
27364.28344
27365.85995
27367.43647
27368.96043
27370.53694
27372.11345
27373.63741
27375.21392
27376.79043
27378.31439
27379.8909
27381.41486
27382.99137
27384.51533
27386.03929
27387.66835
27389.13976
27390.71627
27392.24023
27393.81674
27395.3407
27396.91721
27398.38862
27399.96513
27401.54165
27403.01306
27404.58957
27406.11353
27407.63749
27409.214
27410.68541
27412.26192
27413.73333
27415.30984
27416.8338
27418.35776
27419.88172
27421.40568
27422.92964
27424.4536
27425.97756
27427.50152
27429.02548
27430.49689
27432.0734
27433.54481
27435.12132
27436.59273
27438.11669
27439.5881
27441.16461
27442.63602
27444.15998
27445.63139
27447.15535
27448.67931
27450.20327
27451.67468
27453.19864
27454.67005
27456.19401
27457.66542
27459.18938
27460.66079
27462.18475
27463.70871
27465.18012
27466.65153
27468.12294
27469.6469
27471.17087
27472.64228
27474.11369
27475.58509
27477.10906
27478.58047
27480.05188
27481.52329
27483.04725
27484.51866
27485.99007
27487.46148
27488.93289
27490.40429
27491.92826
27493.34711
27494.87108
27496.34249
27497.76134
27499.2853
27500.75671
27502.17557
27503.69953
27505.11839
27506.64235
27508.06121
27509.53262
27511.00403
27512.47544
27513.8943
27515.41826
-152787546.3
