-15135.61664
-15132.98203
-15130.34668
-15127.71059
-15125.07378
-15122.43617
-15119.79782
-15117.15869
-15114.51883
-15111.87822
-15109.23688
-15106.59476
-15103.95184
-15101.30825
-15098.66386
-15096.01874
-15093.37277
-15090.72618
-15088.07875
-15085.43063
-15082.78167
-15080.13203
-15077.4816
-15074.83038
-15072.17848
-15069.52574
-15066.87237
-15064.2181
-15061.56315
-15058.90741
-15056.25094
-15053.59373
-15050.93573
-15048.277
-15045.61748
-15042.95717
-15040.29623
-15037.6344
-15034.97188
-15032.30863
-15029.64454
-15026.97971
-15024.3142
-15021.64785
-15018.98076
-15016.31293
-15013.64432
-15010.97497
-15008.30484
-15005.63397
-15002.96236
-15000.28991
-14997.61683
-14994.94286
-14992.2682
-14989.59276
-14986.91658
-14984.23967
-14981.56191
-14978.88342
-14976.20424
-14973.52423
-14970.84342
-14968.16199
-14965.47966
-14962.79665
-14960.11285
-14957.42826
-14954.74299
-14952.05688
-14949.37004
-14946.68245
-14943.99408
-14941.30492
-14938.61508
-14935.9244
-14933.23303
-14930.54077
-14927.84793
-14925.15415
-14922.45973
-14919.76448
-14917.06849
-14914.37176
-14911.67425
-14908.97594
-14906.27696
-14903.57708
-14900.87657
-14898.17516
-14895.47313
-14892.77026
-14890.06664
-14887.36225
-14884.65706
-14881.95119
-14879.24448
-14876.53703
-14873.8288
-14871.11988
-14868.41007
-14865.69962
-14862.98834
-14860.27627
-14857.56346
-14854.84992
-14852.13559
-14849.42047
-14846.70461
-14843.98797
-14841.27059
-14838.55243
-14835.83347
-14833.11378
-14830.39335
-14827.67208
-14824.95008
-14822.22729
-14819.50381
-14816.7795
-14814.0544
-14811.32861
-14808.60198
-14805.87462
-14803.14647
-14800.41753
-14797.6879
-14794.95744
-14792.22624
-14789.49425
-14786.76153
-14784.02796
-14781.29372
-14778.55868
-14775.8228
-14773.08624
-14770.34884
-14767.61076
-14764.87184
-14762.13218
-14759.39173
-14756.65054
-14753.90852
-14751.16576
-14748.42231
-14745.67798
-14742.9329
-14740.18709
-14737.44045
-14734.69311
-14731.94499
-14729.19603
-14726.44639
-14723.6959
-14720.94468
-14718.19267
-14715.43992
-14712.68634
-14709.93207
-14707.17696
-14704.42111
-14701.66448
-14698.90706
-14696.1489
-14693.3899
-14690.63027
-14687.8697
-14685.10849
-14682.34639
-14679.58366
-14676.81999
-14674.05568
-14671.29053
-14668.52465
-14665.75798
-14662.99047
-14660.22232
-14657.45324
-14654.68352
-14651.91296
-14649.14161
-14646.36958
-14643.59665
-14640.82299
-14638.0486
-14635.27341
-14632.49744
-14629.72068
-14626.94313
-14624.1649
-14621.38577
-14618.60596
-14615.82531
-14613.04393
-14610.26176
-14607.47879
-14604.6951
-14601.91056
-14599.12528
-14596.33922
-14593.55242
-14590.76479
-14587.97646
-14585.18725
-14582.3973
-14579.60661
-14576.81508
-14574.02287
-14571.22977
-14568.43598
-14565.64135
-14562.84599
-14560.04979
-14557.2529
-14554.45517
-14551.65671
-14548.8574
-14546.05736
-14543.25653
-14540.45492
-14537.65256
-14534.84937
-14532.04544
-14529.24072
-14526.43522
-14523.62897
-14520.82184
-14518.01407
-14515.20542
-14512.39602
-14509.58584
-14506.77492
-14503.96316
-14501.15061
-14498.33738
-14495.52326
-14492.7084
-14489.89275
-14487.07637
-14484.25914
-14481.44118
-14478.62238
-14475.80284
-14472.98257
-14470.16141
-14467.33956
-14464.51687
-14461.69344
-14458.86923
-14456.04417
-14453.21838
-14450.39181
-14447.56444
-14444.73634
-14441.90739
-14439.07766
-14436.24719
-14433.41594
-14430.58384
-14427.75101
-14424.91744
-14422.08298
-14419.24784
-14416.41185
-14413.57508
-14410.73757
-14407.89922
-14405.06014
-14402.22026
-14399.3796
-14396.5381
-14393.69591
-14390.85283
-14388.00907
-14385.16441
-14382.31907
-14379.47295
-14376.62598
-14373.77822
-14370.92973
-14368.0804
-14365.23033
-14362.37947
-14359.52778
-14356.67539
-14353.82212
-14350.96811
-14348.11331
-14345.25773
-14342.40135
-14339.54424
-14336.68624
-14333.8275
-14330.96802
-14328.10771
-14325.2466
-14322.38476
-14319.52208
-14316.65861
-14313.79436
-14310.92936
-14308.06358
-14305.19691
-14302.32955
-14299.46141
-14296.59242
-14293.7227
-14290.85213
-14287.98084
-14285.1087
-14282.23577
-14279.3621
-14276.48765
-14273.61236
-14270.73633
-14267.85946
-14264.9818
-14262.10341
-14259.22423
-14256.34416
-14253.46345
-14250.5818
-14247.69952
-14244.81629
-14241.93238
-14239.04763
-14236.16209
-14233.27581
-14230.38864
-14227.50079
-14224.6121
-14221.72267
-14218.83235
-14215.94129
-14213.04944
-14210.15681
-14207.26344
-14204.36912
-14201.47418
-14198.57839
-14195.68176
-14192.78434
-14189.88624
-14186.9872
-14184.08752
-14181.1869
-14178.2856
-14175.38345
-14172.48057
-14169.57679
-14166.67228
-14163.76704
-14160.8609
-14157.95402
-14155.04636
-14152.13785
-14149.22861
-14146.31858
-14143.40766
-14140.49611
-14137.58361
-14134.67038
-14131.75641
-14128.84155
-14125.92595
-14123.00956
-14120.09233
-14117.17437
-14114.25556
-14111.33602
-14108.41559
-14105.49447
-14102.57252
-14099.64972
-14096.72624
-14093.80181
-14090.87675
-14087.95075
-14085.02406
-14082.09653
-14079.16822
-14076.23911
-14073.30922
-14070.37849
-14067.44697
-14064.51471
-14061.58161
-14058.64772
-14055.71305
-14052.77759
-14049.84128
-14046.90424
-14043.96631
-14041.02775
-14038.08824
-14035.14799
-14032.20691
-14029.26509
-14026.32248
-14023.37897
-14020.43479
-14017.48976
-14014.54389
-14011.59729
-14008.64985
-14005.70161
-14002.75259
-13999.80284
-13996.85213
-13993.9008
-13990.94852
-13987.99556
-13985.04176
-13982.08711
-13979.13173
-13976.17551
-13973.21856
-13970.26071
-13967.30218
-13964.3427
-13961.38259
-13958.42153
-13955.45974
-13952.49722
-13949.53374
-13946.56959
-13943.60465
-13940.63881
-13937.67224
-13934.70482
-13931.73667
-13928.76768
-13925.79791
-13922.82729
-13919.85593
-13916.88374
-13913.91075
-13910.93698
-13907.96237
-13904.98702
-13902.01083
-13899.0338
-13896.05603
-13893.07748
-13890.09803
-13887.1179
-13884.13688
-13881.15506
-13878.17252
-13875.18908
-13872.2049
-13869.21993
-13866.23407
-13863.24753
-13860.2601
-13857.27187
-13854.28292
-13851.29306
-13848.30248
-13845.3111
-13842.31883
-13839.32582
-13836.33203
-13833.3374
-13830.34197
-13827.34571
-13824.34876
-13821.35087
-13818.35224
-13815.35277
-13812.35257
-13809.35152
-13806.34969
-13803.34701
-13800.3436
-13797.3393
-13794.33426
-13791.32838
-13788.32171
-13785.31425
-13782.30596
-13779.29687
-13776.287
-13773.27633
-13770.26483
-13767.25249
-13764.23946
-13761.22549
-13758.21078
-13755.19528
-13752.179
-13749.16182
-13746.1439
-13743.1252
-13740.1056
-13737.08532
-13734.0641
-13731.04219
-13728.01944
-13724.99585
-13721.97147
-13718.94631
-13715.9203
-13712.89351
-13709.86592
-13706.83755
-13703.80834
-13700.77828
-13697.7475
-13694.71587
-13691.68339
-13688.65019
-13685.61614
-13682.58131
-13679.54563
-13676.50916
-13673.47186
-13670.43382
-13667.39494
-13664.35521
-13661.3147
-13658.27346
-13655.23126
-13652.18839
-13649.14467
-13646.10006
-13643.05477
-13640.00863
-13636.96166
-13633.91384
-13630.86529
-13627.8159
-13624.76572
-13621.71475
-13618.66289
-13615.61029
-13612.55685
-13609.50263
-13606.44756
-13603.3917
-13600.33506
-13597.27763
-13594.2193
-13591.16019
-13588.10034
-13585.03965
-13581.97807
-13578.9158
-13575.85264
-13572.78869
-13569.72395
-13566.65838
-13563.59201
-13560.5248
-13557.45686
-13554.38803
-13551.3184
-13548.24799
-13545.17674
-13542.10475
-13539.03187
-13535.9582
-13532.88374
-13529.80844
-13526.73235
-13523.65542
-13520.57771
-13517.4992
-13514.41986
-13511.33972
-13508.25875
-13505.17698
-13502.09438
-13499.01099
-13495.92681
-13492.84179
-13489.75592
-13486.66933
-13483.58184
-13480.49361
-13477.40454
-13474.31463
-13471.22394
-13468.1324
-13465.04013
-13461.94696
-13458.85306
-13455.75826
-13452.66268
-13449.56631
-13446.46909
-13443.37109
-13440.2723
-13437.17267
-13434.0722
-13430.97094
-13427.86884
-165594073.7
