-8441.583876
-8437.537499
-8433.386021
-8429.287093
-8425.188165
-8421.089238
-8416.99031
-8412.891382
-8408.792455
-8404.693527
-8400.542049
-8396.495672
-8392.344194
-8388.245266
-8384.146338
-8379.99486
-8375.948483
-8371.797005
-8367.698077
-8363.546599
-8359.500222
-8355.348744
-8351.249816
-8347.098338
-8342.999411
-8338.900483
-8334.801555
-8330.650077
-8326.55115
-8322.399672
-8318.300744
-8314.201816
-8310.050338
-8305.951411
-8301.799933
-8297.701005
-8293.549527
-8289.450599
-8285.299121
-8281.200194
-8277.101266
-8272.949788
-8268.79831
-8264.699382
-8260.547904
-8256.396426
-8252.297498
-8248.198571
-8243.994542
-8239.948165
-8235.744137
-8231.645209
-8227.493731
-8223.394803
-8219.190775
-8215.091847
-8210.99292
-8206.788891
-8202.689964
-8198.538486
-8194.439558
-8190.23553
-8186.136602
-8181.985124
-8177.833646
-8173.682168
-8169.58324
-8165.379212
-8161.280284
-8157.128806
-8152.977328
-8148.82585
-8144.674372
-8140.522894
-8136.371416
-8132.272488
-8128.06846
-8123.916982
-8119.818054
-8115.614026
-8111.462548
-8107.31107
-8103.212142
-8099.008114
-8094.856636
-8090.705158
-8086.55368
-8082.402202
-8078.198173
-8074.099246
-8069.895217
-8065.79629
-8061.592261
-8057.440783
-8053.236755
-8049.137827
-8044.933799
-8040.782321
-8036.630843
-8032.479365
-8028.275336
-8024.123858
-8019.97238
-8015.768352
-8011.616874
-8007.465396
-8003.261368
-7999.10989
-7994.958412
-7990.806934
-7986.550355
-7982.451427
-7978.247399
-7974.095921
-7969.891892
-7965.740414
-7961.536386
-7957.384908
-7953.23343
-7948.976851
-7944.877924
-7940.673895
-7936.469867
-7932.318389
-7928.11436
-7923.962882
-7919.758854
-7915.554826
-7911.403348
-7907.199319
-7903.047841
-7898.791262
-7894.692335
-7890.435756
-7886.284278
-7882.08025
-7877.928772
-7873.724743
-7869.520715
-7865.316687
-7861.165208
-7856.90863
-7852.757152
-7848.605674
-7844.349095
-7840.145067
-7835.993589
-7831.78956
-7827.585532
-7823.381503
-7819.230025
-7814.973447
-7810.821969
-7806.56539
-7802.413912
-7798.157333
-7794.005855
-7789.801827
-7785.597798
-7781.39377
-7777.189742
-7772.933163
-7768.781685
-7764.577657
-7760.373628
-7756.117049
-7751.965571
-7747.708993
-7743.557515
-7739.300936
-7735.096908
-7730.892879
-7726.688851
-7722.484822
-7718.280794
-7714.024215
-7709.820187
-7705.616159
-7701.41213
-7697.155552
-7693.004074
-7688.747495
-7684.543466
-7680.286888
-7676.082859
-7671.878831
-7667.674803
-7663.418224
-7659.214195
-7655.010167
-7650.753588
-7646.54956
-7642.292981
-7638.088953
-7633.884924
-7629.628346
-7625.424317
-7621.220289
-7616.91116
-7612.759682
-7608.503103
-7604.246524
-7600.042496
-7595.838468
-7591.581889
-7587.32531
-7583.121282
-7578.864703
-7574.660675
-7570.404096
-7566.200068
-7561.943489
-7557.68691
-7553.430331
-7549.226303
-7545.022275
-7540.765696
-7536.509117
-7532.252539
-7527.99596
-7523.791931
-7519.535353
-7515.331324
-7511.022195
-7506.818167
-7502.561588
-7498.35756
-7494.048431
-7489.844402
-7485.587824
-7481.331245
-7477.074666
-7472.870638
-7468.561509
-7464.35748
-7460.048351
-7455.844323
-7451.587744
-7447.331165
-7443.074587
-7438.818008
-7434.561429
-7430.30485
-7426.048272
-7421.791693
-7417.587665
-7413.278536
-7409.021957
-7404.765378
-7400.508799
-7396.19967
-7391.995642
-7387.739063
-7383.482484
-7379.173355
-7374.916777
-7370.712748
-7366.403619
-7362.14704
-7357.837911
-7353.633883
-7349.324754
-7345.068175
-7340.811596
-7336.555018
-7332.245889
-7327.98931
-7323.732731
-7319.476152
-7315.167023
-7310.910445
-7306.653866
-7302.344737
-7298.088158
-7293.831579
-7289.52245
-7285.265872
-7281.009293
-7276.700164
-7272.443585
-7268.134456
-7263.877877
-7259.621298
-7255.312169
-7251.00304
-7246.746461
-7242.489883
-7238.180754
-7233.871625
-7229.615046
-7225.358467
-7221.049338
-7216.740209
-7212.48363
-7208.227052
-7203.865372
-7199.608793
-7195.352215
-7191.043086
-7186.733956
-7182.424827
-7178.168249
-7173.85912
-7169.602541
-7165.293412
-7160.984283
-7156.675154
-7152.418575
-7148.109446
-7143.800317
-7139.543738
-7135.182059
-7130.92548
-7126.616351
-7122.307222
-7118.050643
-7113.688963
-7109.432385
-7105.123256
-7100.814127
-7096.504997
-7092.248419
-7087.886739
-7083.57761
-7079.321032
-7075.011902
-7070.650223
-7066.393644
-7062.084515
-7057.722836
-7053.466257
-7049.157128
-7044.847999
-7040.486319
-7036.229741
-7031.920612
-7027.558932
-7023.302353
-7018.940674
-7014.684095
-7010.322416
-7006.013287
-7001.704158
-6997.395029
-6993.085899
-6988.72422
-6984.415091
-6980.158512
-6975.796833
-6971.435153
-6967.178575
-6962.816895
-6958.507766
-6954.198637
-6949.889508
-6945.527828
-6941.218699
-6936.90957
-6932.600441
-6928.238762
-6923.877082
-6919.620504
-6915.258824
-6910.949695
-6906.588016
-6902.278887
-6897.969757
-6893.608078
-6889.298949
-6884.937269
-6880.62814
-6876.266461
-6871.957332
-6867.648203
-6863.286523
-6858.977394
-6854.615715
-6850.254035
-6845.944906
-6841.635777
-6837.221547
-6832.964969
-6828.603289
-6824.24161
-6819.87993
-6815.570801
-6811.261672
-6806.847442
-6802.590864
-6798.176634
-6793.867505
-6789.505825
-6785.144146
-6780.835017
-6776.473337
-6772.164208
-6767.749979
-6763.440849
-6759.07917
-6754.717491
-6750.408361
-6746.046682
-6741.685003
-6737.323323
-6732.961644
-6728.652515
-6724.290835
-6719.929156
-6715.567476
-6711.205797
-6706.844117
-6702.482438
-6698.173309
-6693.759079
-6689.44995
-6685.088271
-6680.726591
-6676.312361
-6672.003232
-6667.641553
-6663.279873
-6658.918194
-6654.556515
-6650.194835
-6645.780605
-6641.471476
-6637.109797
-6632.695567
-6628.386438
-6624.024758
-6619.610529
-6615.248849
-6610.88717
-6606.52549
-6602.163811
-6597.802131
-6593.440452
-6589.026222
-6584.664543
-6580.302863
-6575.941184
-6571.579505
-6567.165275
-6562.803595
-6558.441916
-6554.080236
-6549.666007
-6545.304327
-6540.942648
-6536.528418
-6532.219289
-6527.805059
-6523.390829
-6519.02915
-6514.66747
-6510.305791
-6505.891561
-6501.477331
-6497.168202
-6492.701422
-6488.392293
-6483.978063
-6479.616384
-6475.202154
-6470.787924
-6466.478795
-6462.012015
-6457.702886
-6453.236106
-6448.926977
-6444.460197
-6440.098517
-6435.736838
-6431.322608
-6426.960928
-6422.546699
-6418.132469
-6413.770789
-6409.35656
-6404.94233
-6400.58065
-6396.166421
-6391.804741
-6387.390511
-6382.976282
-6378.562052
-6374.200372
-6369.838693
-6365.371913
-6361.010233
-6356.596003
-6352.181774
-6347.767544
-6343.405864
-6338.991635
-6334.577405
-6330.163175
-6325.801496
-6321.387266
-6316.973036
-6312.558806
-6308.144576
-6303.730347
-6299.368667
-6294.901887
-6290.540208
-6286.125978
-6281.659198
-6277.297518
-6272.883288
-6268.469059
-6264.107379
-6259.640599
-6255.226369
-6250.81214
-6246.39791
-6241.98368
-6237.622
-6233.15522
-6228.740991
-6224.326761
-6219.912531
-6215.498301
-6211.084071
-6206.617291
-6202.255612
-6197.841382
-6193.374602
-6188.960372
-6184.546142
-6180.131912
-6175.717683
-6171.303453
-6166.836673
-6162.474993
-6158.008213
-6153.593983
-6149.127203
-6144.765524
-6140.298744
-6135.884514
-6131.470284
-6127.003504
-6122.589274
-6118.175044
-6113.708264
-6109.346585
-6104.827254
-6100.465575
-6095.998795
-6091.584565
-6087.117785
-6082.756105
-6078.236775
-6073.875095
-6069.355765
-6064.994085
-6060.527305
-6056.113075
-6051.646295
-6047.232065
-6042.765285
-6038.351056
-6033.884275
-6029.470046
-6025.003265
-6020.589036
-6016.122255
-6011.708026
-6007.241246
-6002.827016
-5998.360236
-5993.893455
-5989.479226
-5985.012446
-5980.598216
-5976.131436
-5971.664655
-5967.250426
-5962.783645
-5958.369416
-5953.902636
-5949.435855
-5944.969075
-5940.554845
-5936.088065
-5931.621285
-5927.207055
-5922.740275
-5918.273495
-5913.806715
-5909.392485
-5904.925705
-5900.458925
-5895.992145
-5891.577915
-5887.058584
-166119856.7
