3507.643529
3512.27332
3516.902796
3521.531799
3526.160592
3530.788912
3535.416969
3540.044659
3544.67198
3549.298986
3553.925625
3558.551895
3563.17785
3567.803438
3572.428657
3577.053509
3581.678045
3586.302266
3590.926067
3595.5495
3600.172617
3604.795419
3609.417801
3614.039867
3618.661513
3623.282897
3627.90386
3632.524507
3637.144734
3641.764699
3646.38419
3651.003419
3655.622227
3660.24072
3664.858793
3669.476603
3674.09394
3678.711014
3683.327668
3687.944006
3692.559924
3697.175474
3701.790762
3706.405576
3711.020076
3715.634154
3720.24797
3724.861366
3729.474394
3734.087054
3738.699346
3743.311323
3747.922826
3752.534067
3757.144888
3761.755341
3766.365426
3770.975143
3775.584492
3780.193474
3784.80214
3789.410333
3794.018211
3798.625668
3803.232863
3807.839585
3812.445939
3817.051977
3821.657595
3826.262846
3830.867728
3835.472243
3840.07639
3844.680168
3849.283527
3853.886518
3858.489141
3863.091395
3867.693283
3872.294749
3876.895848
3881.496632
3886.096942
3890.696938
3895.296565
3899.89572
3904.494611
3909.09303
3913.691081
3918.288764
3922.886132
3927.482974
3932.079554
3936.675713
3941.271504
3945.866822
3950.461878
3955.056461
3959.650675
3964.244522
3968.838001
3973.43106
3978.023751
3982.616021
3987.207924
3991.799458
3996.39052
4000.981319
4005.571645
4010.161603
4014.751141
4019.340364
4023.929113
4028.517495
4033.105509
4037.693102
4042.280275
4046.867133
4051.45357
4056.039534
4060.625236
4065.210412
4069.795325
4074.379713
4078.963786
4083.547438
4088.13067
4092.713533
4097.29603
4101.878053
4106.459708
4111.040995
4115.621862
4120.202309
4124.782387
4129.361993
4133.941336
4138.520154
4143.098603
4147.676685
4152.254294
4156.831588
4161.408408
4165.984808
4170.560893
4175.136558
4179.711749
4184.28652
4188.860976
4193.435012
4198.008574
4202.581821
4207.154543
4211.726949
4216.298935
4220.870448
4225.441646
4230.012371
4234.582728
4239.152612
4243.72218
4248.291223
4252.859951
4257.428206
4261.996093
4266.563507
4271.130606
4275.697179
4280.263385
4284.829222
4289.394587
4293.959584
4298.524107
4303.088211
4307.651999
4312.215261
4316.778156
4321.340631
4325.902685
4330.464318
4335.025531
4339.586376
4344.146696
4348.706648
4353.266232
4357.825291
4362.384034
4366.942304
4371.500154
4376.057584
4380.614593
4385.171129
4389.72735
4394.283098
4398.838373
4403.39328
4407.947767
4412.50178
4417.055426
4421.608599
4426.161352
4430.713736
4435.265595
4439.817087
4444.368158
4448.918808
4453.468933
4458.018796
4462.56808
4467.116996
4471.665439
4476.213568
4480.761118
4485.308352
4489.855062
4494.401456
4498.947271
4503.492772
4508.0378
4512.582407
4517.126541
4521.670255
4526.213548
4530.756421
4535.298822
4539.840801
4544.382361
4548.923499
4553.464113
4558.004411
4562.544184
4567.083536
4571.622468
4576.160926
4580.698965
4585.236635
4589.773728
4594.310505
4598.846757
4603.382588
4607.917999
4612.45299
4616.987455
4621.521552
4626.055176
4630.58838
4635.121111
4639.653421
4644.185259
4648.716676
4653.247672
4657.778143
4662.308247
4666.837825
4671.367035
4675.895772
4680.424088
4684.951879
4689.479303
4694.0062
4698.53273
4703.058787
4707.584319
4712.109482
4716.634225
4721.158391
4725.68224
4730.205512
4734.728469
4739.250847
4743.772858
4748.294395
4752.81546
4757.336052
4761.856223
4766.375974
4770.895199
4775.414004
4779.932389
4784.450195
4788.967687
4793.484652
4798.001198
4802.517218
4807.032817
4811.547996
4816.06265
4820.576935
4825.090643
4829.603983
4834.116797
4838.629191
4843.141164
4847.652612
4852.163587
4856.674142
4861.184223
4865.693832
4870.20302
4874.711683
4879.219873
4883.727695
4888.234991
4892.741762
4897.248165
4901.754096
4906.2595
4910.764484
4915.268996
4919.773034
4924.276547
4928.779692
4933.282311
4937.784511
4942.286184
4946.787385
4951.288165
4955.788472
4960.288254
4964.787615
4969.286451
4973.784919
4978.282809
4982.780279
4987.277223
4991.773799
4996.269797
5000.765375
5005.26048
5009.755112
5014.249218
5018.742904
5023.236117
5027.728804
5032.221019
5036.712813
5041.204134
5045.69493
5050.185252
5054.675102
5059.164479
5063.653383
5068.141761
5072.629772
5077.117152
5081.604216
5086.09065
5090.576716
5095.062204
5099.547325
5104.031867
5108.515936
5112.999585
5117.482656
5121.965358
5126.447483
5130.929188
5135.410367
5139.891073
5144.371306
5148.851013
5153.3303
5157.809009
5162.287351
5166.765114
5171.242404
5175.719221
5180.195566
5184.671384
5189.146783
5193.621603
5198.096003
5202.569878
5207.043279
5211.516155
5215.988611
5220.460488
5224.931945
5229.402877
5233.873336
5238.343321
5242.812729
5247.281716
5251.750178
5256.218167
5260.685683
5265.152621
5269.619138
5274.085182
5278.550649
5283.015695
5287.480163
5291.94421
5296.407732
5300.870729
5305.333305
5309.795303
5314.256828
5318.71788
5323.178354
5327.638461
5332.097989
5336.556991
5341.015521
5345.473578
5349.931057
5354.388168
5358.844648
5363.300655
5367.75619
5372.211251
5376.665734
5381.119745
5385.573282
5390.026242
5394.478781
5398.930794
5403.38223
5407.833245
5412.283734
5416.733698
5421.183189
5425.632102
5430.080595
5434.528509
5438.975951
5443.42292
5447.86931
5452.315228
5456.76062
5461.205487
5465.649933
5470.093749
5474.537144
5478.979961
5483.422358
5487.864124
5492.30547
5496.746238
5501.186585
5505.626354
5510.065598
5514.504316
5518.942614
5523.380281
5527.817528
5532.254197
5536.690393
5541.126063
5545.561155
5549.995827
5554.429974
5558.863489
5563.296637
5567.729155
5572.161199
5576.592718
5581.023764
5585.454179
5589.884227
5594.313591
5598.742587
5603.170953
5607.598846
5612.026213
5616.453055
5620.879372
5625.305215
5629.730428
5634.15522
5638.579435
5643.003176
5647.426287
5651.84903
5656.27109
5660.692782
5665.11379
5669.534379
5673.954442
5678.373927
5682.792938
5687.211372
5691.629281
5696.046716
5700.463573
5704.879905
5709.295711
5713.711045
5718.1258
5722.539977
5726.953734
5731.366913
5735.779514
5740.191641
5744.603244
5749.014268
5753.424767
5757.83474
5762.24424
5766.653162
5771.061506
5775.469378
5779.876723
5784.283491
5788.689733
5793.095502
5797.500641
5801.905254
5806.309447
5810.712956
5815.116045
5819.518504
5823.920542
5828.321897
5832.722831
5837.123188
5841.522966
5845.922272
5850.321052
5854.719201
5859.116878
5863.513976
5867.910601
5872.306649
5876.702118
5881.097114
5885.49148
5889.885373
5894.27874
5898.67153
5903.063793
5907.455479
5911.846639
5916.237274
5920.627331
5925.016862
5929.405867
5933.794347
5938.182197
5942.569574
5946.956425
5951.342645
5955.72834
5960.113562
5964.498153
5968.882219
5973.26576
5977.648774
5982.031159
5986.41307
5990.794403
5995.175159
5999.555441
6003.935093
6008.314271
6012.692819
6017.070894
6021.448339
6025.825311
6030.201652
6034.57752
6038.95281
6043.327469
6047.701708
6052.075316
6056.448347
6060.820904
6065.192831
6069.564232
6073.935108
6078.305353
6082.675125
6087.044319
6091.412935
6095.781026
6100.148538
6104.515473
6108.881882
6113.247713
6117.613018
6121.977746
6126.341895
6130.705519
6135.068564
6139.431085
6143.792974
6148.154391
6152.515177
6156.875438
6161.23512
6165.594225
6169.952804
6174.310857
6178.66828
6183.025125
6187.381497
6191.737185
-152296209.2
