3495.032127
3495.072065
3495.112003
3495.151942
3495.191355
3495.231293
3495.270706
3495.310644
3495.350582
3495.39052
3495.429933
3495.469872
3495.50981
3495.549223
3495.589161
3495.628574
3495.669037
3495.70845
3495.747863
3495.787801
3495.827739
3495.867678
3495.90709
3495.946503
3495.986967
3496.02638
3496.065793
3496.106256
3496.145144
3496.185607
3496.22502
3496.264958
3496.304371
3496.344309
3496.383722
3496.424186
3496.463073
3496.503537
3496.542424
3496.582888
3496.622301
3496.662239
3496.701652
3496.74159
3496.781003
3496.820941
3496.860354
3496.900818
3496.939705
3496.979643
3497.019581
3497.058994
3497.098932
3497.138871
3497.177758
3497.218222
3497.257635
3497.297047
3497.337511
3497.376399
3497.416337
3497.456275
3497.495688
3497.535626
3497.575039
3497.614977
3497.65439
3497.693803
3497.734266
3497.773154
3497.813617
3497.852505
3497.892443
3497.932381
3497.971794
3498.011732
3498.051145
3498.090558
3498.130496
3498.170434
3498.209847
3498.24926
3498.289198
3498.329136
3498.368023
3498.408487
3498.447375
3498.487838
3498.526726
3498.566664
3498.606602
3498.64549
3498.685953
3498.72484
3498.765304
3498.804191
3498.84413
3498.884068
3498.922955
3498.963419
3499.002306
3499.042245
3499.082183
3499.121596
3499.161008
3499.200421
3499.240359
3499.280298
3499.31971
3499.359123
3499.398536
3499.438474
3499.477887
3499.517825
3499.557238
3499.596651
3499.636589
3499.676002
3499.71594
3499.754827
3499.795291
3499.834178
3499.874117
3499.913529
3499.952942
3499.992881
3500.032293
3500.072232
3500.111119
3500.151582
3500.19047
3500.230408
3500.269821
3500.309234
3500.349172
3500.388585
3500.427997
3500.46741
3500.507348
3500.546761
3500.586699
3500.625587
3500.665525
3500.705463
3500.744351
3500.784289
3500.823702
3500.863114
3500.903053
3500.942465
3500.981878
3501.021291
3501.061229
3501.100642
3501.140055
3501.179467
3501.219406
3501.258293
3501.298231
3501.33817
3501.377057
3501.416995
3501.456408
3501.495821
3501.535233
3501.575172
3501.614585
3501.653997
3501.69341
3501.732823
3501.772761
3501.812174
3501.851587
3501.890999
3501.930412
3501.97035
3502.009238
3502.049176
3502.088589
3502.128001
3502.16794
3502.206827
3502.246765
3502.286178
3502.325591
3502.365004
3502.404942
3502.443829
3502.483767
3502.522655
3502.562593
3502.602006
3502.641418
3502.681357
3502.720244
3502.760182
3502.799069
3502.839008
3502.878421
3502.917833
3502.957246
3502.996659
3503.036597
3503.075484
3503.115423
3503.15431
3503.194248
3503.233661
3503.272548
3503.312487
3503.351899
3503.391312
3503.43125
3503.470138
3503.50955
3503.548963
3503.588901
3503.627789
3503.667727
3503.706614
3503.746553
3503.785965
3503.824852
3503.864791
3503.904203
3503.943616
3503.983029
3504.021916
3504.061854
3504.101267
3504.14068
3504.180093
3504.219505
3504.258918
3504.298331
3504.337744
3504.377156
3504.416569
3504.455982
3504.495395
3504.534808
3504.57422
3504.613633
3504.653046
3504.691933
3504.731871
3504.771284
3504.810697
3504.85011
3504.888997
3504.928935
3504.968348
3505.007235
3505.047174
3505.086061
3505.125999
3505.164886
3505.204299
3505.243712
3505.28365
3505.322538
3505.36195
3505.401363
3505.44025
3505.480189
3505.519601
3505.558488
3505.598427
3505.637314
3505.677252
3505.71614
3505.755552
3505.794965
3505.834378
3505.873791
3505.912678
3505.952616
3505.991504
3506.031442
3506.070329
3506.109742
3506.149155
3506.188042
3506.22798
3506.266867
3506.306806
3506.345693
3506.385106
3506.424518
3506.463931
3506.502818
3506.542231
3506.58217
3506.621057
3506.660469
3506.699357
3506.739295
3506.778182
3506.817595
3506.857008
3506.896421
3506.935833
3506.974721
3507.014133
3507.053546
3507.092959
3507.132372
3507.171259
3507.210672
3507.250084
3507.289497
3507.328384
3507.367797
3507.40721
3507.446623
3507.486036
3507.524923
3507.564336
3507.603748
3507.643161
3507.682049
3507.721461
3507.760874
3507.799761
3507.839699
3507.878587
3507.918
3507.956887
3507.996299
3508.035712
3508.075125
3508.114012
3508.153425
3508.192838
3508.23225
3508.271138
3508.310551
3508.349963
3508.388851
3508.428263
3508.467676
3508.506564
3508.545976
3508.585389
3508.624276
3508.663689
3508.703102
3508.742515
3508.781402
3508.820814
3508.859702
3508.899115
3508.938527
3508.977415
3509.016827
3509.05624
3509.095127
3509.13454
3509.173953
3509.21284
3509.252253
3509.291666
3509.330553
3509.36944
3509.409379
3509.448266
3509.487153
3509.527091
3509.565453
3509.605392
3509.644279
3509.683166
3509.723104
3509.761991
3509.800879
3509.840292
3509.879179
3509.919117
3509.957479
3509.997417
3510.035779
3510.075717
3510.114604
3510.153492
3510.19343
3510.231791
3510.271204
3510.310617
3510.35003
3510.388392
3510.42833
3510.467217
3510.506104
3510.545517
3510.58493
3510.623817
3510.66323
3510.702117
3510.741004
3510.780417
3510.81983
3510.858717
3510.89813
3510.937017
3510.97643
3511.015317
3511.05473
3511.093617
3511.132505
3511.172443
3511.210805
3511.250218
3511.28963
3511.328518
3511.367405
3511.406818
3511.44623
3511.485117
3511.524005
3511.563418
3511.602305
3511.641718
3511.680605
3511.719492
3511.75943
3511.797792
3511.837205
3511.876092
3511.915505
3511.954392
3511.993805
3512.032692
3512.07158
3512.110992
3512.14988
3512.189292
3512.22818
3512.267592
3512.306479
3512.345367
3512.384254
3512.424192
3512.462554
3512.501967
3512.540854
3512.580267
3512.619154
3512.658042
3512.697454
3512.736342
3512.775229
3512.814641
3512.853529
3512.892416
3512.931829
3512.970716
3513.010129
3513.049016
3513.087903
3513.127316
3513.166203
3513.205091
3513.243978
3513.283391
3513.322278
3513.361691
3513.400578
3513.439465
3513.478353
3513.517765
3513.556653
3513.59554
3513.634953
3513.67384
3513.712727
3513.75214
3513.790501
3513.829915
3513.869327
3513.907689
3513.947102
3513.986515
3514.024876
3514.064289
3514.103176
3514.142063
3514.180951
3514.220363
3514.259251
3514.298138
3514.337551
3514.375913
3514.415325
3514.454738
3514.4931
3514.532513
3514.5714
3514.610287
3514.649174
3514.688062
3514.727474
3514.766362
3514.805249
3514.844662
3514.883024
3514.922436
3514.961324
3515.000211
3515.039098
3515.078511
3515.117398
3515.15576
3515.195698
3515.23406
3515.272947
3515.31236
3515.350722
3515.390135
3515.429022
3515.468434
3515.506796
3515.546209
3515.584571
3515.623984
3515.662871
3515.701758
3515.740645
3515.780058
3515.81842
3515.857833
3515.89672
3515.935082
3515.974494
3516.013907
3516.052269
3516.091156
3516.130044
3516.169456
3516.208343
3516.246705
3516.286118
3516.325005
3516.363892
3516.40278
3516.441667
3516.48108
3516.519442
3516.558329
3516.597742
3516.636103
3516.675516
3516.714403
3516.752765
3516.792178
3516.831065
3516.869952
3516.90884
3516.947727
3516.986614
3517.025502
3517.064389
3517.103276
3517.142163
3517.181051
3517.219938
3517.259351
3517.297712
3517.336599
3517.375487
3517.414374
3517.453787
3517.492149
3517.531036
3517.569923
3517.609336
3517.647698
3517.686585
3517.725472
3517.764885
3517.803247
3517.842134
3517.881021
3517.919909
3517.958796
3517.997683
3518.03657
3518.075458
3518.114345
3518.153232
3518.191594
3518.231007
3518.269894
3518.308256
3518.347668
3518.38603
3518.425443
3518.463805
-1318628105
