-28315.60151
-28327.5
-28339.37637
-28351.23067
-28363.06294
-28374.87321
-28386.66154
-28398.42797
-28410.17255
-28421.89531
-28433.59632
-28445.27558
-28456.93318
-28468.56913
-28480.18351
-28491.77632
-28503.34763
-28514.89749
-28526.42592
-28537.93298
-28549.41871
-28560.88316
-28572.32634
-28583.74834
-28595.14917
-28606.52889
-28617.88753
-28629.22514
-28640.54177
-28651.83745
-28663.11222
-28674.36613
-28685.59923
-28696.81154
-28708.00313
-28719.17403
-28730.32426
-28741.4539
-28752.56296
-28763.65151
-28774.71956
-28785.76718
-28796.79439
-28807.80125
-28818.78779
-28829.75406
-28840.70008
-28851.62592
-28862.5316
-28873.41718
-28884.28267
-28895.12815
-28905.95362
-28916.75916
-28927.54478
-28938.31054
-28949.05647
-28959.78261
-28970.489
-28981.17569
-28991.84271
-29002.49011
-29013.11792
-29023.72618
-29034.31494
-29044.88423
-29055.43409
-29065.96457
-29076.47568
-29086.96751
-29097.44005
-29107.89337
-29118.3275
-29128.74247
-29139.13833
-29149.51512
-29159.87287
-29170.21162
-29180.53142
-29190.8323
-29201.11429
-29211.37745
-29221.6218
-29231.84739
-29242.05425
-29252.24243
-29262.41194
-29272.56286
-29282.69519
-29292.80898
-29302.90428
-29312.98112
-29323.03954
-29333.07957
-29343.10124
-29353.10461
-29363.08971
-29373.05656
-29383.00522
-29392.93573
-29402.8481
-29412.74238
-29422.61862
-29432.47684
-29442.31709
-29452.13938
-29461.94379
-29471.73031
-29481.49902
-29491.24992
-29500.98307
-29510.6985
-29520.39623
-29530.07633
-29539.73881
-29549.38371
-29559.01107
-29568.62092
-29578.2133
-29587.78824
-29597.3458
-29606.88598
-29616.40884
-29625.91441
-29635.40272
-29644.87381
-29654.3277
-29663.76445
-29673.18408
-29682.58664
-29691.97214
-29701.34063
-29710.69215
-29720.02671
-29729.34439
-29738.64517
-29747.92912
-29757.19628
-29766.44665
-29775.68029
-29784.89723
-29794.09751
-29803.28115
-29812.44818
-29821.59866
-29830.7326
-29839.85004
-29848.95102
-29858.03557
-29867.10372
-29876.15551
-29885.19096
-29894.21012
-29903.21302
-29912.19968
-29921.17015
-29930.12445
-29939.06263
-29947.9847
-29956.89071
-29965.78069
-29974.65466
-29983.51266
-29992.35474
-30001.18091
-30009.99121
-30018.78568
-30027.56433
-30036.32721
-30045.07436
-30053.8058
-30062.52155
-30071.22167
-30079.90617
-30088.57509
-30097.22846
-30105.86632
-30114.48868
-30123.0956
-30131.68709
-30140.2632
-30148.82393
-30157.36934
-30165.89946
-30174.41431
-30182.91392
-30191.39833
-30199.86757
-30208.32166
-30216.76064
-30225.18456
-30233.5934
-30241.98724
-30250.36609
-30258.72997
-30267.07893
-30275.413
-30283.73219
-30292.03655
-30300.32611
-30308.60089
-30316.86092
-30325.10624
-30333.33686
-30341.55284
-30349.75419
-30357.94094
-30366.11312
-30374.27077
-30382.41391
-30390.54257
-30398.65678
-30406.75657
-30414.84197
-30422.91304
-30430.96969
-30439.01216
-30447.04028
-30455.05415
-30463.05384
-30471.03934
-30479.01065
-30486.96783
-30494.91097
-30502.83998
-30510.75501
-30518.6559
-30526.54297
-30534.41596
-30542.27502
-30550.12027
-30557.95158
-30565.76903
-30573.57275
-30581.36261
-30589.13869
-30596.90107
-30604.64977
-30612.38476
-30620.10609
-30627.81386
-30635.50797
-30643.18852
-30650.85557
-30658.5091
-30666.14914
-30673.77567
-30681.38885
-30688.98857
-30696.57495
-30704.14793
-30711.70767
-30719.25406
-30726.7872
-30734.30705
-30741.81377
-30749.30729
-30756.78757
-30764.25482
-30771.70887
-30779.1499
-30786.57784
-30793.9928
-30801.39467
-30808.78368
-30816.15964
-30823.52274
-30830.87295
-30838.21019
-30845.53471
-30852.84636
-30860.14518
-30867.43129
-30874.70463
-30881.96525
-30889.2132
-30896.44849
-30903.67107
-30910.88113
-30918.07859
-30925.26343
-30932.43576
-30939.59559
-30946.74291
-30953.87778
-30961.00024
-30968.11025
-30975.20786
-30982.29318
-30989.36608
-30996.4267
-31003.47507
-31010.51114
-31017.53497
-31024.5466
-31031.54605
-31038.5333
-31045.50841
-31052.47144
-31059.42238
-31066.36124
-31073.288
-31080.20284
-31087.10565
-31093.99647
-31100.87536
-31107.74228
-31114.59742
-31121.44058
-31128.27186
-31135.09142
-31141.89916
-31148.69503
-31155.47923
-31162.25165
-31169.01242
-31175.76146
-31182.49883
-31189.22454
-31195.93869
-31202.64128
-31209.3322
-31216.01161
-31222.67952
-31229.33597
-31235.98085
-31242.61428
-31249.23636
-31255.84699
-31262.44626
-31269.03408
-31275.61065
-31282.17593
-31288.7298
-31295.27247
-31301.80385
-31308.32409
-31314.83303
-31321.33083
-31327.81749
-31334.29295
-31340.75733
-31347.21062
-31353.65287
-31360.08398
-31366.50416
-31372.91326
-31379.31142
-31385.69865
-31392.07485
-31398.44017
-31404.79466
-31411.13817
-31417.47086
-31423.79277
-31430.10381
-31436.40412
-31442.69361
-31448.97238
-31455.24038
-31461.49776
-31467.74437
-31473.98041
-31480.20574
-31486.42045
-31492.62459
-31498.81818
-31505.00115
-31511.17366
-31517.33561
-31523.48705
-31529.62803
-31535.75861
-31541.87867
-31547.98839
-31554.0877
-31560.17666
-31566.25526
-31572.32351
-31578.38146
-31584.42912
-31590.46652
-31596.49368
-31602.51064
-31608.51731
-31614.51393
-31620.50021
-31626.4765
-31632.44259
-31638.39859
-31644.34446
-31650.28033
-31656.20612
-31662.12187
-31668.02769
-31673.92342
-31679.80922
-31685.68514
-31691.55102
-31697.40707
-31703.25319
-31709.08949
-31714.9159
-31720.73244
-31726.53925
-31732.33624
-31738.1234
-31743.90089
-31749.66861
-31755.42661
-31761.17493
-31766.91359
-31772.64252
-31778.36184
-31784.07159
-31789.77168
-31795.4622
-31801.14315
-31806.8146
-31812.47648
-31818.12885
-31823.77176
-31829.40521
-31835.02915
-31840.64368
-31846.24881
-31851.84452
-31857.43084
-31863.00785
-31868.57551
-31874.13381
-31879.68281
-31885.22257
-31890.75302
-31896.27417
-31901.78617
-31907.28893
-31912.78249
-31918.26686
-31923.74208
-31929.20816
-31934.66514
-31940.11294
-31945.55169
-31950.98135
-31956.40197
-31961.8136
-31967.2161
-31972.60971
-31977.99428
-31983.36986
-31988.73652
-31994.09429
-31999.44307
-32004.78298
-32010.114
-32015.4362
-32020.74951
-32026.054
-32031.34965
-32036.63659
-32041.91464
-32047.18402
-32052.44463
-32057.69651
-32062.93967
-32068.1741
-32073.39992
-32078.61707
-32083.82554
-32089.02545
-32094.21669
-32099.39931
-32104.57342
-32109.73896
-32114.89594
-32120.0444
-32125.18435
-32130.31579
-32135.43877
-32140.55328
-32145.65939
-32150.75699
-32155.84622
-32160.927
-32165.99953
-32171.0636
-32176.11931
-32181.16672
-32186.20583
-32191.23663
-32196.25913
-32201.27338
-32206.27933
-32211.27713
-32216.26663
-32221.24793
-32226.22108
-32231.18609
-32236.14285
-32241.09152
-32246.03204
-32250.96447
-32255.88886
-32260.80505
-32265.71325
-32270.61336
-32275.50548
-32280.38962
-32285.26561
-32290.13377
-32294.99389
-32299.84602
-32304.69027
-32309.52658
-32314.35496
-32319.17541
-32323.98807
-32328.79275
-32333.58971
-32338.37873
-32343.15991
-32347.93338
-32352.69906
-32357.45687
-32362.20695
-32366.9493
-32371.68393
-32376.41084
-32381.13002
-32385.84152
-32390.54536
-32395.24147
-32399.93006
-32404.61093
-32409.28424
-32413.94987
-32418.60798
-32423.25853
-32427.90146
-32432.53687
-32437.16477
-32441.78511
-32446.39803
-32451.00338
-32455.60128
-32460.19176
-32464.77473
-32469.35034
-32473.91849
-32478.47923
-32483.03256
-32487.57864
-32492.11721
-32496.64852
-32501.17247
-32505.68907
-32510.19842
-32514.70046
-32519.19525
-32523.68268
-32528.16297
-32532.63595
-32537.10178
-32541.56031
-32546.01169
-32550.45588
-32554.89291
-32559.3228
-32563.74549
-32568.16114
-32572.56959
-32576.97095
-32581.36531
-32585.75248
-32590.13266
-32594.50574
-32598.87183
-32603.23088
-32607.58289
-32611.92797
-32616.266
-32620.59709
-32624.92125
-32629.23842
-32633.54871
-32637.852
-32642.14847
-32646.438
-32650.72069
-32654.99645
-32659.26538
-32663.52753
-32667.78279
-32672.03123
-32676.27288
-32680.50776
64709768.93
