-31437.4658
-31442.89146
-31448.30799
-31453.71531
-31459.1136
-31464.50274
-31469.88285
-31475.25381
-31480.61584
-31485.96872
-31491.31273
-31496.64764
-31501.97362
-31507.29066
-31512.59872
-31517.89785
-31523.18814
-31528.46956
-31533.74199
-31539.00569
-31544.26052
-31549.50652
-31554.74368
-31559.97218
-31565.1918
-31570.40274
-31575.60491
-31580.79841
-31585.98319
-31591.15924
-31596.32673
-31601.48554
-31606.63569
-31611.77727
-31616.91023
-31622.03462
-31627.15045
-31632.25772
-31637.35647
-31642.44676
-31647.52848
-31652.6018
-31657.66655
-31662.723
-31667.77093
-31672.81041
-31677.84163
-31682.86434
-31687.87875
-31692.88485
-31697.88255
-31702.87194
-31707.85308
-31712.82587
-31717.79051
-31722.7468
-31727.69489
-31732.63478
-31737.56642
-31742.48992
-31747.40527
-31752.31242
-31757.21143
-31762.10234
-31766.98516
-31771.85989
-31776.72647
-31781.58507
-31786.43562
-31791.27814
-31796.11261
-31800.9391
-31805.75765
-31810.56822
-31815.37074
-31820.16549
-31824.9522
-31829.73107
-31834.50201
-31839.26507
-31844.02035
-31848.7677
-31853.50722
-31858.23901
-31862.96292
-31867.6791
-31872.38746
-31877.08814
-31881.78099
-31886.46622
-31891.14362
-31895.81346
-31900.47552
-31905.12995
-31909.77672
-31914.41592
-31919.04739
-31923.67135
-31928.28769
-31932.89641
-31937.49761
-31942.0913
-31946.67737
-31951.25597
-31955.82707
-31960.39065
-31964.94681
-31969.49547
-31974.03671
-31978.57044
-31983.09687
-31987.61583
-31992.12738
-31996.63163
-32001.12842
-32005.61795
-32010.10008
-32014.5749
-32019.04246
-32023.50273
-32027.95569
-32032.40139
-32036.8398
-32041.27105
-32045.69506
-32050.11181
-32054.52142
-32058.92382
-32063.31908
-32067.70719
-32072.08811
-32076.46192
-32080.82865
-32085.18828
-32089.54076
-32093.88626
-32098.2246
-32102.55601
-32106.88028
-32111.19755
-32115.50789
-32119.81119
-32124.10749
-32128.39681
-32132.67924
-32136.95474
-32141.22319
-32145.48487
-32149.73956
-32153.98741
-32158.22833
-32162.46247
-32166.68973
-32170.9101
-32175.12369
-32179.33051
-32183.53043
-32187.72369
-32191.91011
-32196.08976
-32200.26268
-32204.42887
-32208.58834
-32212.74113
-32216.88719
-32221.02653
-32225.1593
-32229.28535
-32233.40471
-32237.51752
-32241.6237
-32245.72325
-32249.81619
-32253.90256
-32257.98241
-32262.05559
-32266.12236
-32270.18245
-32274.23618
-32278.28324
-32282.32389
-32286.35808
-32290.38575
-32294.40695
-32298.42175
-32302.43008
-32306.432
-32310.42751
-32314.41655
-32318.39934
-32322.37562
-32326.34559
-32330.30925
-32334.26645
-32338.21745
-32342.16209
-32346.10037
-32350.03245
-32353.95817
-32357.87764
-32361.79085
-32365.69787
-32369.59858
-32373.49308
-32377.38139
-32381.26349
-32385.1394
-32389.0091
-32392.87271
-32396.73011
-32400.58137
-32404.42648
-32408.26549
-32412.09841
-32415.92523
-32419.74596
-32423.56059
-32427.36913
-32431.17172
-32434.96817
-32438.75863
-32442.54304
-32446.32152
-32450.0939
-32453.86034
-32457.62084
-32461.3753
-32465.12387
-32468.86646
-32472.6031
-32476.33392
-32480.05874
-32483.77767
-32487.49072
-32491.19794
-32494.89922
-32498.59467
-32502.28433
-32505.96806
-32509.64606
-32513.31817
-32516.98451
-32520.64506
-32524.29983
-32527.94887
-32531.59209
-32535.22957
-32538.86127
-32542.48735
-32546.10765
-32549.72227
-32553.33117
-32556.93434
-32560.53193
-32564.12375
-32567.71005
-32571.29057
-32574.86552
-32578.43484
-32581.99854
-32585.55668
-32589.10913
-32592.65607
-32596.19744
-32599.73324
-32603.26347
-32606.78812
-32610.30731
-32613.82094
-32617.32904
-32620.83168
-32624.32885
-32627.82046
-32631.30659
-32634.78737
-32638.26258
-32641.73243
-32645.19681
-32648.65578
-32652.10934
-32655.55743
-32659.00021
-32662.43758
-32665.86954
-32669.29619
-32672.71748
-32676.13336
-32679.54398
-32682.94925
-32686.3492
-32689.7438
-32693.13319
-32696.51722
-32699.89605
-32703.26952
-32706.63779
-32710.00075
-32713.35856
-32716.71106
-32720.05842
-32723.40046
-32726.73741
-32730.0691
-32733.39559
-32736.71693
-32740.03317
-32743.34416
-32746.65
-32749.95079
-32753.24638
-32756.53687
-32759.82227
-32763.10257
-32766.37772
-32769.64787
-32772.91288
-32776.17284
-32779.42781
-32782.67763
-32785.92245
-32789.16229
-32792.39703
-32795.62688
-32798.85158
-32802.07139
-32805.28621
-32808.49599
-32811.70087
-32814.90077
-32818.09573
-32821.28574
-32824.47082
-32827.65096
-32830.82626
-32833.99657
-32837.16199
-32840.32258
-32843.47828
-32846.62904
-32849.77502
-32852.91617
-32856.05237
-32859.1838
-32862.31044
-32865.43214
-32868.54916
-32871.66135
-32874.76866
-32877.87133
-32880.96907
-32884.06213
-32887.15047
-32890.23396
-32893.31278
-32896.38687
-32899.45618
-32902.52081
-32905.58072
-32908.63594
-32911.68649
-32914.73231
-32917.77345
-32920.80997
-32923.84181
-32926.86897
-32929.89156
-32932.90942
-32935.92277
-32938.93138
-32941.93547
-32944.93489
-32947.92979
-32950.92006
-32953.90576
-32956.88684
-32959.86345
-32962.83548
-32965.8029
-32968.76584
-32971.72427
-32974.67813
-32977.62746
-32980.57233
-32983.51273
-32986.44856
-32989.37998
-32992.30683
-32995.22936
-32998.14727
-33001.06082
-33003.96996
-33006.87457
-33009.77483
-33012.67061
-33015.56199
-33018.449
-33021.3316
-33024.20978
-33027.0836
-33029.95306
-33032.81816
-33035.67884
-33038.53522
-33041.38723
-33044.23493
-33047.07827
-33049.91731
-33052.75203
-33055.5825
-33058.40855
-33061.2304
-33064.04794
-33066.86117
-33069.6702
-33072.47491
-33075.27538
-33078.07163
-33080.86363
-33083.65132
-33086.43492
-33089.2142
-33091.98933
-33094.76021
-33097.52688
-33100.2894
-33103.04776
-33105.80188
-33108.55189
-33111.2977
-33114.03941
-33116.77691
-33119.51027
-33122.23957
-33124.96468
-33127.68568
-33130.40259
-33133.1154
-33135.82405
-33138.52871
-33141.22922
-33143.92569
-33146.6181
-33149.30637
-33151.99064
-33154.67092
-33157.34705
-33160.01918
-33162.68732
-33165.35141
-33168.01151
-33170.66756
-33173.31968
-33175.96774
-33178.61181
-33181.25199
-33183.88808
-33186.52032
-33189.14847
-33191.77279
-33194.3931
-33197.00948
-33199.62197
-33202.23046
-33204.83507
-33207.43573
-33210.03256
-33212.62545
-33215.21445
-33217.79961
-33220.38078
-33222.95816
-33225.53166
-33228.10127
-33230.66709
-33233.22902
-33235.78707
-33238.34139
-33240.89181
-33243.4384
-33245.98121
-33248.52023
-33251.05542
-33253.58677
-33256.11444
-33258.63822
-33261.15828
-33263.6746
-33266.18708
-33268.69584
-33271.20086
-33273.70215
-33276.19966
-33278.69349
-33281.18354
-33283.66985
-33286.15254
-33288.63144
-33291.10672
-33293.57822
-33296.04609
-33298.51028
-33300.97074
-33303.42763
-33305.88073
-33308.33026
-33310.77611
-33313.21828
-33315.65688
-33318.09186
-33320.5231
-33322.95087
-33325.37486
-33327.79538
-33330.21223
-33332.6255
-33335.03519
-33337.44126
-33339.84381
-33342.24274
-33344.63809
-33347.02992
-33349.41817
-33351.80291
-33354.18402
-33356.56171
-33358.93578
-33361.30633
-33363.67346
-33366.03691
-33368.397
-33370.75351
-33373.10656
-33375.45609
-33377.80214
-33380.14473
-33382.4838
-33384.81946
-33387.15164
-33389.48036
-33391.80566
-33394.12744
-33396.44585
-33398.7608
-33401.07233
-33403.3804
-33405.6851
-33407.98639
-33410.28425
-33412.57871
-33414.8698
-33417.15747
-33419.44184
-33421.72268
-33424.00032
-33426.27443
-33428.54529
-33430.81279
-33433.07687
-33435.33769
-33437.59509
-33439.84924
-33442.10003
-33444.34745
-33446.59161
-33448.83241
-33451.06995
-33453.30418
-33455.5351
-33457.76276
-33459.98712
-33462.20816
-33464.42599
-33466.64046
-33468.85178
-33471.05979
-33473.26454
-33475.46603
-33477.66437
-33479.85935
-33482.05117
-33484.23968
-33486.42509
-33488.60725
-33490.78614
-33492.96189
-33495.13442
-33497.3037
-33499.46988
-33501.6328
-33503.79262
-33505.94918
-33508.10264
-33510.2529
-33512.4
-33514.54395
-33516.68474
-33518.82244
77496365
