-14196.55221
-14229.62535
-14262.6546
-14295.63993
-14328.58132
-14361.47875
-14394.3322
-14427.14163
-14459.90704
-14492.62839
-14525.30568
-14557.93887
-14590.52795
-14623.0729
-14655.5737
-14688.03033
-14720.44278
-14752.81102
-14785.13504
-14817.41483
-14849.65036
-14881.84162
-14913.9886
-14946.09128
-14978.14965
-15010.1637
-15042.1334
-15074.05875
-15105.93974
-15137.77636
-15169.56858
-15201.31641
-15233.01983
-15264.67883
-15296.29341
-15327.86355
-15359.38924
-15390.87048
-15422.30726
-15453.69957
-15485.0474
-15516.35076
-15547.60963
-15578.824
-15609.99388
-15641.11925
-15672.20012
-15703.23647
-15734.22832
-15765.17565
-15796.07845
-15826.93673
-15857.7505
-15888.51974
-15919.24445
-15949.92464
-15980.56031
-16011.15144
-16041.69806
-16072.20015
-16102.65772
-16133.07077
-16163.43931
-16193.76333
-16224.04284
-16254.27785
-16284.46836
-16314.61436
-16344.71587
-16374.7729
-16404.78543
-16434.7535
-16464.6771
-16494.55623
-16524.3909
-16554.18113
-16583.92692
-16613.62828
-16643.28521
-16672.89773
-16702.46584
-16731.98956
-16761.4689
-16790.90385
-16820.29445
-16849.64069
-16878.94259
-16908.20017
-16937.41342
-16966.58238
-16995.70704
-17024.78743
-17053.82355
-17082.81542
-17111.76306
-17140.66648
-17169.52569
-17198.34071
-17227.11156
-17255.83825
-17284.5208
-17313.15922
-17341.75354
-17370.30377
-17398.80993
-17427.27202
-17455.69009
-17484.06414
-17512.39419
-17540.68026
-17568.92237
-17597.12055
-17625.2748
-17653.38516
-17681.45164
-17709.47427
-17737.45306
-17765.38804
-17793.27923
-17821.12665
-17848.93033
-17876.69028
-17904.40654
-17932.07912
-17959.70805
-17987.29335
-18014.83506
-18042.33318
-18069.78775
-18097.19881
-18124.56635
-18151.89041
-18179.17104
-18206.40823
-18233.60204
-18260.75247
-18287.85956
-18314.92334
-18341.94383
-18368.92107
-18395.85507
-18422.74588
-18449.5935
-18476.39799
-18503.15937
-18529.87766
-18556.55289
-18583.18511
-18609.77432
-18636.32058
-18662.82391
-18689.28433
-18715.70189
-18742.0766
-18768.40852
-18794.69765
-18820.94405
-18847.14773
-18873.30875
-18899.42712
-18925.50287
-18951.53605
-18977.5267
-19003.47482
-19029.38049
-19055.2437
-19081.06452
-19106.84296
-19132.57906
-19158.27287
-19183.92441
-19209.53372
-19235.10084
-19260.62581
-19286.10865
-19311.54941
-19336.94812
-19362.30482
-19387.61954
-19412.89235
-19438.12323
-19463.31227
-19488.45948
-19513.5649
-19538.62859
-19563.65055
-19588.63086
-19613.56953
-19638.46661
-19663.32214
-19688.13616
-19712.9087
-19737.63982
-19762.32953
-19786.9779
-19811.58495
-19836.15073
-19860.67528
-19885.15864
-19909.60085
-19934.00195
-19958.36199
-19982.681
-20006.95902
-20031.1961
-20055.39228
-20079.54761
-20103.66212
-20127.73586
-20151.76886
-20175.76118
-20199.71286
-20223.62393
-20247.49443
-20271.32444
-20295.11396
-20318.86306
-20342.57178
-20366.24015
-20389.86823
-20413.45606
-20437.00367
-20460.51113
-20483.97846
-20507.40574
-20530.79297
-20554.14022
-20577.44753
-20600.71495
-20623.94253
-20647.1303
-20670.27831
-20693.38662
-20716.45525
-20739.48428
-20762.47372
-20785.42365
-20808.33409
-20831.2051
-20854.03672
-20876.829
-20899.58199
-20922.29574
-20944.97027
-20967.60567
-20990.20196
-21012.75919
-21035.27741
-21057.75666
-21080.19701
-21102.59848
-21124.96115
-21147.28504
-21169.5702
-21191.81669
-21214.02456
-21236.19386
-21258.32461
-21280.41689
-21302.47074
-21324.4862
-21346.46333
-21368.40218
-21390.30278
-21412.16521
-21433.98949
-21455.77569
-21477.52384
-21499.23401
-21520.90623
-21542.54057
-21564.13707
-21585.69576
-21607.21672
-21628.7
-21650.14562
-21671.55366
-21692.92415
-21714.25715
-21735.55272
-21756.81089
-21778.03172
-21799.21527
-21820.36156
-21841.47067
-21862.54265
-21883.57753
-21904.57538
-21925.53625
-21946.46018
-21967.34722
-21988.19743
-22009.01087
-22029.78757
-22050.52759
-22071.23097
-22091.89779
-22112.52808
-22133.12189
-22153.67928
-22174.20029
-22194.68499
-22215.13342
-22235.54563
-22255.92167
-22276.26161
-22296.56547
-22316.83334
-22337.06523
-22357.26123
-22377.42137
-22397.54571
-22417.63429
-22437.68717
-22457.70442
-22477.68606
-22497.63217
-22517.54277
-22537.41794
-22557.25774
-22577.06218
-22596.83135
-22616.56529
-22636.26406
-22655.9277
-22675.55626
-22695.14981
-22714.70839
-22734.23205
-22753.72085
-22773.17484
-22792.59407
-22811.9786
-22831.32847
-22850.64374
-22869.92447
-22889.1707
-22908.38249
-22927.55989
-22946.70294
-22965.81172
-22984.88626
-23003.92663
-23022.93286
-23041.90503
-23060.84318
-23079.74735
-23098.61761
-23117.454
-23136.25659
-23155.02542
-23173.76054
-23192.46201
-23211.12988
-23229.76421
-23248.36504
-23266.93243
-23285.46644
-23303.9671
-23322.43449
-23340.86864
-23359.26962
-23377.63747
-23395.97225
-23414.27402
-23432.54281
-23450.7787
-23468.98172
-23487.15194
-23505.2894
-23523.39416
-23541.46627
-23559.50579
-23577.51275
-23595.48723
-23613.42927
-23631.33893
-23649.21624
-23667.06129
-23684.8741
-23702.65474
-23720.40326
-23738.1197
-23755.80412
-23773.45659
-23791.07714
-23808.66583
-23826.22272
-23843.74784
-23861.24128
-23878.70306
-23896.13324
-23913.53187
-23930.89902
-23948.23473
-23965.53905
-23982.81202
-24000.05373
-24017.2642
-24034.44349
-24051.59166
-24068.70876
-24085.79483
-24102.84993
-24119.87412
-24136.86745
-24153.82995
-24170.7617
-24187.66275
-24204.53314
-24221.37291
-24238.18215
-24254.96088
-24271.70916
-24288.42705
-24305.11459
-24321.77184
-24338.39885
-24354.99566
-24371.56235
-24388.09895
-24404.60551
-24421.08209
-24437.52874
-24453.94552
-24470.33246
-24486.68964
-24503.01708
-24519.31485
-24535.58301
-24551.82159
-24568.03065
-24584.21025
-24600.36043
-24616.48125
-24632.57275
-24648.63499
-24664.66802
-24680.67189
-24696.64665
-24712.59235
-24728.50904
-24744.39678
-24760.25562
-24776.08559
-24791.88677
-24807.65919
-24823.40291
-24839.11798
-24854.80445
-24870.46237
-24886.09178
-24901.69275
-24917.26532
-24932.80954
-24948.32547
-24963.81314
-24979.27262
-24994.70394
-25010.10718
-25025.48237
-25040.82956
-25056.1488
-25071.44014
-25086.70365
-25101.93935
-25117.1473
-25132.32756
-25147.48017
-25162.60518
-25177.70265
-25192.77261
-25207.81513
-25222.83024
-25237.81801
-25252.77848
-25267.71169
-25282.6177
-25297.49656
-25312.34832
-25327.17302
-25341.97071
-25356.74146
-25371.48528
-25386.20226
-25400.89243
-25415.55582
-25430.19252
-25444.80254
-25459.38596
-25473.9428
-25488.47314
-25502.977
-25517.45443
-25531.9055
-25546.33025
-25560.72871
-25575.10096
-25589.44701
-25603.76695
-25618.0608
-25632.3286
-25646.57044
-25660.78632
-25674.97632
-25689.14046
-25703.27882
-25717.39143
-25731.47833
-25745.53959
-25759.57523
-25773.58532
-25787.56991
-25801.52901
-25815.46271
-25829.37104
-25843.25405
-25857.11179
-25870.94428
-25884.75161
-25898.5338
-25912.29089
-25926.02296
-25939.73002
-25953.41215
-25967.06936
-25980.70173
-25994.30929
-26007.89209
-26021.45016
-26034.98358
-26048.49236
-26061.97658
-26075.43626
-26088.87146
-26102.28222
-26115.66858
-26129.03061
-26142.36832
-26155.68179
-26168.97105
-26182.23614
-26195.47711
-26208.69401
-26221.88688
-26235.05578
-26248.20073
-26261.3218
-26274.419
-26287.49242
-26300.54208
-26313.56802
-26326.57031
-26339.54896
-26352.50405
-26365.43559
-26378.34365
-26391.22827
-26404.08949
-26416.92735
-26429.74191
-26442.5332
-26455.30127
-26468.04615
-26480.76792
-26493.46658
-26506.1422
-26518.79483
-26531.42449
-26544.03125
-26556.61513
-26569.17618
-26581.71446
-26594.22998
-26606.72283
-26619.19302
-26631.64059
-26644.06561
-26656.46809
-26668.8481
-26681.20568
-26693.54085
-26705.8537
-26718.14421
-26730.41247
-26742.65851
-26754.88236
-26767.08409
-26779.26371
-26791.42129
-26803.55685
-26815.67045
-26827.76213
-26839.83191
-26851.87986
-26863.90602
-26875.91041
45127797.59
