19492.34242
19474.6516
19456.94177
19439.21312
19421.46544
19403.69895
19385.91345
19368.10896
19350.28557
19332.44325
19314.58186
19296.70155
19278.80221
19260.88391
19242.94653
19224.99018
19207.0148
19189.02035
19171.00683
19152.97433
19134.92276
19116.85206
19098.76228
19080.65348
19062.5255
19044.37844
19026.21226
19008.027
18989.82261
18971.59904
18953.35629
18935.09446
18916.81346
18898.51321
18880.1939
18861.8553
18843.49756
18825.1206
18806.7244
18788.30908
18769.87447
18751.42057
18732.94754
18714.45523
18695.94363
18677.41275
18658.86268
18640.29333
18621.70459
18603.09667
18584.4694
18565.82286
18547.15697
18528.4718
18509.76729
18491.04344
18472.30025
18453.53773
18434.75586
18415.95466
18397.13401
18378.29403
18359.4347
18340.55599
18321.65788
18302.74033
18283.80344
18264.84711
18245.87139
18226.87622
18207.86161
18188.82761
18169.77422
18150.70128
18131.60895
18112.49717
18093.3659
18074.21518
18055.04497
18035.85532
18016.64622
17997.41752
17978.16948
17958.90178
17939.6147
17920.30807
17900.98194
17881.63626
17862.27109
17842.88637
17823.4822
17804.05838
17784.61506
17765.15225
17745.66984
17726.16793
17706.64637
17687.10531
17667.54465
17647.96449
17628.36468
17608.74537
17589.10636
17569.4479
17549.76974
17530.07208
17510.35471
17490.61785
17470.86133
17451.08527
17431.2895
17411.47418
17391.6392
17371.78463
17351.91045
17332.01662
17312.10319
17292.17005
17272.21737
17252.24503
17232.25298
17212.24138
17192.21008
17172.15913
17152.08857
17131.99831
17111.88844
17091.75887
17071.60965
17051.44082
17031.25223
17011.04405
16990.81621
16970.56866
16950.30146
16930.01455
16909.70799
16889.38178
16869.03586
16848.67028
16828.28505
16807.88007
16787.45543
16767.01118
16746.54713
16726.06347
16705.56011
16685.03704
16664.49432
16643.93189
16623.34976
16602.74797
16582.12653
16561.48528
16540.82447
16520.14386
16499.44364
16478.72372
16457.98409
16437.22476
16416.44572
16395.64708
16374.82867
16353.99063
16333.13286
16312.25541
16291.35829
16270.44147
16249.50498
16228.54879
16207.57293
16186.57738
16165.56216
16144.52726
16123.47267
16102.39842
16081.30449
16060.19089
16039.05762
16017.90467
15996.73206
15975.53979
15954.32785
15933.09625
15911.84499
15890.57408
15869.28351
15847.97328
15826.64341
15805.2939
15783.92473
15762.53593
15741.12748
15719.69941
15698.2517
15676.78436
15655.29739
15633.7908
15612.26459
15590.71877
15569.15333
15547.56829
15525.96364
15504.33939
15482.69553
15461.03209
15439.34906
15417.64644
15395.92424
15374.18247
15352.42112
15330.6402
15308.83972
15287.01968
15265.18009
15243.32095
15221.44227
15199.54404
15177.62629
15155.68901
15133.7322
15111.75587
15089.76004
15067.74469
15045.70984
15023.65551
15001.58167
14979.48836
14957.37557
14935.2433
14913.09158
14890.92039
14868.72976
14846.51967
14824.29015
14802.0412
14779.77282
14757.48502
14735.17781
14712.85119
14690.50518
14668.13978
14645.755
14623.35083
14600.9273
14578.48441
14556.02217
14533.54059
14511.03967
14488.51942
14465.97984
14443.42096
14420.84277
14398.24529
14375.62852
14352.99248
14330.33716
14307.66258
14284.96875
14262.25567
14239.52336
14216.77184
14194.00108
14171.21114
14148.40198
14125.57365
14102.72614
14079.85945
14056.97362
14034.06863
14011.14451
13988.20125
13965.23889
13942.25741
13919.25684
13896.23719
13873.19845
13850.14067
13827.06381
13803.96793
13780.85301
13757.71906
13734.56612
13711.39417
13688.20324
13664.99334
13641.76447
13618.51665
13595.2499
13571.96421
13548.65962
13525.33612
13501.99373
13478.63246
13455.25234
13431.85335
13408.43553
13384.99888
13361.54342
13338.06916
13314.57611
13291.06428
13267.5337
13243.98436
13220.4163
13196.82952
13173.22402
13149.59984
13125.95698
13102.29545
13078.61528
13054.91646
13031.19903
13007.46299
12983.70835
12959.93515
12936.14337
12912.33306
12888.5042
12864.65683
12840.79097
12816.90661
12793.00378
12769.0825
12745.14278
12721.18463
12697.20807
12673.21312
12649.1998
12625.16812
12601.11809
12577.04975
12552.96308
12528.85812
12504.73489
12480.59341
12456.43366
12432.25571
12408.05954
12383.84518
12359.61265
12335.36196
12311.09313
12286.80619
12262.50114
12238.17801
12213.8368
12189.47755
12165.10027
12140.70499
12116.2917
12091.86044
12067.41123
12042.94408
12018.45901
11993.95605
11969.4352
11944.8965
11920.33995
11895.76559
11871.17342
11846.56347
11821.93576
11797.29031
11772.62714
11747.94627
11723.24771
11698.53149
11673.79764
11649.04617
11624.27709
11599.49044
11574.68623
11549.86449
11525.02523
11500.16849
11475.29426
11450.4026
11425.4935
11400.56699
11375.6231
11350.66185
11325.68326
11300.68735
11275.67415
11250.64367
11225.59594
11200.53099
11175.44882
11150.34948
11125.23298
11100.09934
11074.94859
11049.78074
11024.59584
10999.3939
10974.17492
10948.93897
10923.68603
10898.41616
10873.12936
10847.82565
10822.50508
10797.16766
10771.81341
10746.44236
10721.05455
10695.64997
10670.22868
10644.79068
10619.33601
10593.86469
10568.37675
10542.87221
10517.3511
10491.81344
10466.25925
10440.68858
10415.10144
10389.49786
10363.87786
10338.24148
10312.58872
10286.91964
10261.23425
10235.53258
10209.81465
10184.0805
10158.33015
10132.56362
10106.78095
10080.98217
10055.16729
10029.33635
10003.48939
9977.626413
9951.74746
9925.852564
9899.941749
9874.015039
9848.072463
9822.114065
9796.139854
9770.149867
9744.144136
9718.122688
9692.085553
9666.032758
9639.964335
9613.880315
9587.780724
9561.665594
9535.534957
9509.388843
9483.227274
9457.050293
9430.857924
9404.650195
9378.427137
9352.188787
9325.935182
9299.666326
9273.382284
9247.083059
9220.768706
9194.439233
9168.094695
9141.735106
9115.360503
9088.970929
9062.566399
9036.14695
9009.712624
8983.263442
8956.79944
8930.320657
8903.827117
8877.318858
8850.795905
8824.258307
8797.706079
8771.139268
8744.557901
8717.962009
8691.351634
8664.726802
8638.087556
8611.433916
8584.765925
8558.083624
8531.38703
8504.676194
8477.951139
8451.211905
8424.45853
8397.691035
8370.909472
8344.113867
8317.304253
8290.480675
8263.643157
8236.791744
8209.926468
8183.047356
8156.154465
8129.247806
8102.327431
8075.393372
8048.445665
8021.484349
7994.509453
7967.521025
7940.519087
7913.503691
7886.474868
7859.432644
7832.377073
7805.308186
7778.226014
7751.130609
7724.021989
7696.900209
7669.765292
7642.61729
7615.456235
7588.282158
7561.095105
7533.895121
7506.682224
7479.456474
7452.217896
7424.966528
7397.702421
7370.425603
7343.136114
7315.833998
7288.51929
7261.192029
7233.85226
7206.500016
7179.135343
7151.758264
7124.368846
7096.967104
7069.553098
7042.126847
7014.68841
6987.237812
6959.775107
6932.300331
6904.813522
6877.314714
6849.803963
6822.281303
6794.746767
6767.200407
6739.64226
6712.072373
6684.490768
6656.897517
6629.292632
6601.67617
6574.048173
6546.408678
6518.757733
6491.095368
6463.421636
6435.73658
6408.040231
6380.332647
6352.613853
6324.883909
6297.142844
6269.390708
6241.627541
6213.853391
6186.06829
6158.272289
6130.465437
6102.64776
6074.819325
6046.98015
6019.130296
5991.269805
5963.398711
5935.517064
5907.624917
5879.722292
5851.809257
5823.885838
5795.952092
5768.008058
5740.053776
5712.089293
5684.114664
5656.129918
5628.135115
47681072.95
