31461.43633
31455.61858
31449.79059
31443.9524
31438.10392
31432.24523
31426.37615
31420.49687
31414.60723
31408.70714
31402.7968
31396.87601
31390.94481
31385.0032
31379.05103
31373.08846
31367.11538
31361.13173
31355.13763
31349.13285
31343.11752
31337.09157
31331.05501
31325.00772
31318.94988
31312.88126
31306.80186
31300.7118
31294.61097
31288.49931
31282.37688
31276.24357
31270.09943
31263.94437
31257.77848
31251.6016
31245.4138
31239.21501
31233.00529
31226.78449
31220.55265
31214.30977
31208.0558
31201.79075
31195.51451
31189.22717
31182.92859
31176.61892
31170.2979
31163.96569
31157.62223
31151.26747
31144.90137
31138.52396
31132.1351
31125.73499
31119.32332
31112.90036
31106.46583
31100.01984
31093.56235
31087.09335
31080.61279
31074.12066
31067.61687
31061.10147
31054.57445
31048.03577
31041.48537
31034.9232
31028.3493
31021.76364
31015.16621
31008.5569
31001.93576
30995.3028
30988.65786
30982.00105
30975.33225
30968.65147
30961.95882
30955.25397
30948.53719
30941.80828
30935.06727
30928.31419
30921.54891
30914.77143
30907.98182
30901.17997
30894.36582
30887.53947
30880.70073
30873.84969
30866.98629
30860.11055
30853.22236
30846.32176
30839.40871
30832.48315
30825.54503
30818.59451
30811.63127
30804.65552
30797.66715
30790.66614
30783.65243
30776.62604
30769.58693
30762.53506
30755.47042
30748.39297
30741.30269
30734.19955
30727.08352
30719.95458
30712.8127
30705.65785
30698.49001
30691.30914
30684.11523
30676.90823
30669.68813
30662.4549
30655.20851
30647.94893
30640.67613
30633.39008
30626.09077
30618.77816
30611.45222
30604.11291
30596.76023
30589.39413
30582.01459
30574.62158
30567.21507
30559.79503
30552.36144
30544.91426
30537.45347
30529.97903
30522.49094
30514.98913
30507.4736
30499.94431
30492.40122
30484.84433
30477.27359
30469.68897
30462.09045
30454.47799
30446.85157
30439.21116
30431.55671
30423.88822
30416.20565
30408.50896
30400.79813
30393.07313
30385.33392
30377.58048
30369.81278
30362.03078
30354.23446
30346.42378
30338.59873
30330.75925
30322.90532
30315.03692
30307.15401
30299.25657
30291.34454
30283.41793
30275.47667
30267.52076
30259.55015
30251.56482
30243.56472
30235.54984
30227.52014
30219.47559
30211.41615
30203.3418
30195.2525
30187.14822
30179.02893
30170.8946
30162.7452
30154.58068
30146.40103
30138.2062
30129.99618
30121.77091
30113.53038
30105.27454
30097.00337
30088.71683
30080.41489
30072.09752
30063.76469
30055.41635
30047.05249
30038.67305
30030.27802
30021.86736
30013.44103
30004.99901
29996.54125
29988.06772
29979.5784
29971.07324
29962.55221
29954.01529
29945.46243
29936.89359
29928.30876
29919.70789
29911.09094
29902.45789
29893.8087
29885.14333
29876.46175
29867.76392
29859.04982
29850.31941
29841.57263
29832.80949
29824.02991
29815.23388
29806.42137
29797.59232
29788.74672
29779.88452
29771.00569
29762.11019
29753.19798
29744.26904
29735.32332
29726.3608
29717.38142
29708.38516
29699.37199
29690.34185
29681.29472
29672.23057
29663.14935
29654.05103
29644.93557
29635.80294
29626.65309
29617.48599
29608.30161
29599.0999
29589.88085
29580.64438
29571.39048
29562.11911
29552.83023
29543.52381
29534.1998
29524.85816
29515.49887
29506.12188
29496.72715
29487.31465
29477.88433
29468.43617
29458.97011
29449.48613
29439.98418
29430.46422
29420.92623
29411.37015
29401.79595
29392.20359
29382.59302
29372.96423
29363.31716
29353.65177
29343.96802
29334.26588
29324.5453
29314.80625
29305.04869
29295.27258
29285.47786
29275.66452
29265.8325
29255.98178
29246.11229
29236.22401
29226.3169
29216.39092
29206.44602
29196.48215
29186.4993
29176.49741
29166.47644
29156.43636
29146.3771
29136.29865
29126.20096
29116.08398
29105.94768
29095.79201
29085.61693
29075.42241
29065.20839
29054.97484
29044.72171
29034.44897
29024.15656
29013.84445
29003.5126
28993.16096
28982.7895
28972.39816
28961.98691
28951.5557
28941.1045
28930.63324
28920.14191
28909.63044
28899.09881
28888.54695
28877.97484
28867.38243
28856.76967
28846.13653
28835.48295
28824.80889
28814.11432
28803.39917
28792.66343
28781.90703
28771.12993
28760.33209
28749.51346
28738.67401
28727.81368
28716.93243
28706.03022
28695.10699
28684.16272
28673.19734
28662.21082
28651.20312
28640.17416
28629.12394
28618.05239
28606.95946
28595.84512
28584.70932
28573.55201
28562.37314
28551.17266
28539.95055
28528.70674
28517.44119
28506.15385
28494.84467
28483.51364
28472.16065
28460.78571
28449.38874
28437.9697
28426.52855
28415.06523
28403.57972
28392.07194
28380.54185
28368.98943
28357.41459
28345.81732
28334.19754
28322.55523
28310.89032
28299.20277
28287.49255
28275.75958
28264.00383
28252.22525
28240.42378
28228.5994
28216.75202
28204.88162
28192.98815
28181.07154
28169.13177
28157.16877
28145.1825
28133.17291
28121.13994
28109.08355
28097.0037
28084.90031
28072.77336
28060.62278
28048.44854
28036.25057
28024.02884
28011.78327
27999.51383
27987.22048
27974.90314
27962.56179
27950.19636
27937.80678
27925.39306
27912.95508
27900.49283
27888.00626
27875.49529
27862.95989
27850.40001
27837.81558
27825.20657
27812.57291
27799.91457
27787.23147
27774.52357
27761.79083
27749.03318
27736.25057
27723.44296
27710.61029
27697.7525
27684.86954
27671.96137
27659.02793
27646.06915
27633.085
27620.07542
27607.04035
27593.97974
27580.89353
27567.78169
27554.64413
27541.48083
27528.29172
27515.07674
27501.83585
27488.56897
27475.27609
27461.95712
27448.61201
27435.24072
27421.84317
27408.41934
27394.96915
27381.49253
27367.98947
27354.45988
27340.90372
27327.32093
27313.71145
27300.07523
27286.41221
27272.72234
27259.00556
27245.26181
27231.49105
27217.6932
27203.86822
27190.01605
27176.13664
27162.22993
27148.29584
27134.33435
27120.34538
27106.32888
27092.28479
27078.21306
27064.11364
27049.98644
27035.83143
27021.64855
27007.43773
26993.19894
26978.93208
26964.63713
26950.31402
26935.96267
26921.58305
26907.1751
26892.73875
26878.27395
26863.78063
26849.25875
26834.70823
26820.12902
26805.52107
26790.88431
26776.21868
26761.52414
26746.80061
26732.04803
26717.26635
26702.45551
26687.61545
26672.74611
26657.84743
26642.91934
26627.9618
26612.97473
26597.95809
26582.9118
26567.83581
26552.73007
26537.5945
26522.42904
26507.23364
26492.00825
26476.75278
26461.46719
26446.15141
26430.8054
26415.42905
26400.02236
26384.58522
26369.1176
26353.61942
26338.09062
26322.53116
26306.94094
26291.31992
26275.66806
26259.98525
26244.27147
26228.52663
26212.75069
26196.94357
26181.10522
26165.23556
26149.33456
26133.40211
26117.4382
26101.44273
26085.41565
26069.35689
26053.2664
26037.14411
26020.98995
26004.80387
25988.58579
25972.33567
25956.05342
25939.73899
25923.39233
25907.01335
25890.602
25874.15821
25857.68193
25841.17309
25824.63161
25808.05745
25791.45052
25774.81078
25758.13816
25741.43258
25724.69399
25707.92233
25691.11751
25674.27951
25657.40821
25640.50359
25623.56556
25606.59406
25589.58904
25572.55042
25555.47814
25538.37212
25521.23232
25504.05866
25486.85107
25469.60949
25452.33386
25435.02411
25417.68018
25400.30199
25382.88948
25365.44259
25347.96126
25330.4454
25312.89497
25295.30988
25277.69009
25260.03551
25242.34609
25224.62176
25206.86243
25189.06808
25171.2386
25153.37396
25135.47406
25117.53885
38520374.51
