5648.262521
5634.533688
5620.802175
5607.067982
5593.331162
5579.591662
5565.849481
5552.104673
5538.357185
5524.607069
5510.854379
5497.098956
5483.34101
5469.580384
5455.817184
5442.051356
5428.2829
5414.511922
5400.738264
5386.962136
5373.18338
5359.401997
5345.618197
5331.831664
5318.042713
5304.251135
5290.457088
5276.660465
5262.861372
5249.059652
5235.255463
5221.448855
5207.639621
5193.827916
5180.013794
5166.197097
5152.377983
5138.556346
5124.732292
5110.905768
5097.076775
5083.245364
5069.411483
5055.575132
5041.736469
5027.895231
5014.051681
5000.205714
4986.357276
4972.506527
4958.653307
4944.797723
4930.939827
4917.079461
4903.216782
4889.351739
4875.484331
4861.614558
4847.742473
4833.868023
4819.991261
4806.112187
4792.230748
4778.34705
4764.461039
4750.572663
4736.682081
4722.789186
4708.893979
4694.996564
4681.096785
4667.194852
4653.290606
4639.3841
4625.475335
4611.564416
4597.651184
4583.735797
4569.818099
4555.898298
4541.976238
4528.05197
4514.125548
4500.196919
4486.266083
4472.333092
4458.397946
4444.460699
4430.521192
4416.579583
4402.635819
4388.689901
4374.741933
4360.791811
4346.839534
4332.885208
4318.928727
4304.970144
4291.009512
4277.046777
4263.081941
4249.115108
4235.146172
4221.175135
4207.202101
4193.226965
4179.249884
4165.270702
4151.289469
4137.306293
4123.321067
4109.333844
4095.344625
4081.353408
4067.360142
4053.364984
4039.367882
4025.368677
4011.367634
3997.364541
3983.359609
3969.352627
3955.343806
3941.332988
3927.320331
3913.305624
3899.289131
3885.270693
3871.250364
3857.228142
3843.204029
3829.178024
3815.150232
3801.120496
3787.088921
3773.055559
3759.020253
3744.983212
3730.944227
3716.903508
3702.861002
3688.816605
3674.77042
3660.722449
3646.672692
3632.6212
3618.567869
3604.512751
3590.455951
3576.397313
3562.336992
3548.274885
3534.211097
3520.145469
3506.078264
3492.00922
3477.938495
3463.866141
3449.792
3435.716177
3421.638725
3407.559592
3393.478777
3379.39628
3365.312102
3351.226347
3337.138911
3323.049846
3308.959151
3294.866828
3280.772875
3266.677346
3252.58024
3238.481453
3224.381142
3210.279254
3196.175738
3182.070697
3167.96408
3153.855938
3139.746168
3125.634979
3111.522108
3097.407871
3083.291953
3069.174668
3055.055806
3040.935421
3026.813564
3012.690236
2998.565384
2984.439113
2970.31137
2956.182156
2942.051471
2927.919314
2913.785791
2899.65085
2885.514384
2871.376552
2857.237353
2843.096683
2828.954595
2814.811245
2800.666371
2786.520183
2772.372577
2758.223709
2744.073423
2729.92177
2715.76875
2701.61447
2687.458823
2673.301863
2659.143589
2644.984001
2630.823099
2616.660936
2602.497407
2588.332722
2574.166617
2559.99941
2545.830783
2531.661
2517.489956
2503.317651
2489.144137
2474.969415
2460.793431
2446.616239
2432.437838
2418.258281
2404.077515
2389.89554
2375.71241
2361.528123
2347.342628
2333.156029
2318.968274
2304.779311
2290.589349
2276.398125
2262.205798
2248.012421
2233.817939
2219.622302
2205.425561
2191.227821
2177.028925
2162.828979
2148.627981
2134.42588
2120.22278
2106.01863
2091.813428
2077.607175
2063.399924
2049.191674
2034.982374
2020.772127
2006.56083
1992.348586
1978.135345
1963.921104
1949.70597
1935.489786
1921.272708
1907.054631
1892.835714
1878.615746
1864.394936
1850.173181
1835.950533
1821.726991
1807.502504
1793.277123
1779.050901
1764.823838
1750.59583
1736.36698
1722.13729
1707.906812
1693.675387
1679.443175
1665.210121
1650.97628
1636.74165
1622.506179
1608.269868
1594.032873
1579.794985
1565.556414
1551.317002
1537.076854
1522.835918
1508.594352
1494.351892
1480.108802
1465.864975
1451.620414
1437.375116
1423.129135
1408.882419
1394.635124
1380.386989
1366.138328
1351.888879
1337.638852
1323.388089
1309.136801
1294.884724
1280.632122
1266.378837
1252.124973
1237.870427
1223.615408
1209.359652
1195.103372
1180.846461
1166.589076
1152.331009
1138.072469
1123.813298
1109.553602
1095.293432
1081.032632
1066.771307
1052.509561
1038.247237
1023.984388
1009.721118
995.4572699
981.192949
966.9282078
952.6629411
938.3973065
924.1310939
909.8645134
895.5974074
881.3299861
867.0620918
852.7937246
838.5250421
824.2558341
809.9863108
795.7164196
781.4461081
767.1753761
752.9043288
738.6329663
724.3611307
710.0890325
695.8165663
681.5437849
667.2706356
652.9972236
638.7234437
624.4494536
610.1750431
595.9004224
581.6254864
567.3503402
553.0748261
538.7991019
524.5231149
510.2468651
495.9704577
481.693735
467.4168021
453.1396064
438.8623057
424.5847422
410.307021
396.0290371
381.7508955
367.4725963
353.194192
338.9154723
324.6367527
310.3578229
296.0787354
281.7995428
267.5201926
253.2407898
238.9612294
224.6815639
210.4018458
196.1219701
181.8420943
167.562061
153.2820276
139.0018891
124.7216981
110.441507
96.16126343
81.8809673
67.60067117
53.32032248
39.0399738
24.75967766
10.47932898
-3.801019699
-18.08126328
-32.36161198
-46.641803
-60.92199404
-75.20218507
-89.48221846
-103.7623044
-118.0422327
-132.3221609
-146.6019316
-160.8816497
-175.1612101
-189.4407705
-203.7201733
-217.9994184
-232.2785585
-246.5575934
-260.8364181
-275.1151377
-289.3937522
-303.672104
-317.9503507
-332.2283872
-346.506266
-360.7839346
-375.061393
-389.3386938
-403.6157318
-417.8925596
-432.1691247
-446.4455321
-460.7216242
-474.9975586
-489.2731252
-503.5484816
-517.8235753
-532.0984062
-546.3728692
-560.6471221
-574.9210596
-589.1946818
-603.4679888
-617.7409279
-632.0136042
-646.2859127
-660.5579058
-674.8295312
-689.1007887
-703.3716783
-717.6422
-731.912354
-746.18214
-760.4514531
-774.7205035
-788.9890283
-803.2571328
-817.5249219
-831.7921856
-846.0590288
-860.3254517
-874.5914541
-888.856931
-903.121935
-917.3865712
-931.6506292
-945.9142143
-960.1773265
-974.4399657
-988.7020269
-1002.963668
-1017.224678
-1031.485215
-1045.745227
-1060.00466
-1074.263568
-1088.521899
-1102.779703
-1117.036877
-1131.293526
-1145.549543
-1159.804983
-1174.059845
-1188.314076
-1202.567729
-1216.820647
-1231.073091
-1245.3248
-1259.575878
-1273.826273
-1288.07609
-1302.325224
-1316.573622
-1330.821389
-1345.068474
-1359.314875
-1373.56054
-1387.805522
-1402.049717
-1416.293332
-1430.536108
-1444.778147
-1459.019503
-1473.260072
-1487.499851
-1501.738948
-1515.977204
-1530.214724
-1544.451456
-1558.687347
-1572.92245
-1587.156817
-1601.390291
-1615.622924
-1629.854821
-1644.085825
-1658.315988
-1672.54531
-1686.773792
-1701.00138
-1715.228127
-1729.453929
-1743.678942
-1757.902956
-1772.126183
-1786.348463
-1800.569745
-1814.790239
-1829.009735
-1843.228284
-1857.445888
-1871.66265
-1885.87831
-1900.093076
-1914.306895
-1928.519664
-1942.73154
-1956.942365
-1971.152191
-1985.361018
-1999.5689
-2013.775626
-2027.981458
-2042.186187
-2056.389917
-2070.592544
-2084.794172
-2098.994697
-2113.19417
-2127.392593
-2141.58986
-2155.786128
-2169.98124
-2184.175301
-2198.368206
-2212.560007
-2226.750652
-2240.940246
-2255.128632
-2269.315861
-2283.501987
-2297.686957
-2311.870771
-2326.053323
-2340.234772
-2354.415065
-2368.594044
-2382.771972
-2396.948534
-2411.124045
-2425.298189
-2439.471177
-2453.642904
-2467.813475
-2481.98268
-2496.150623
-2510.317411
-2524.482884
-2538.647044
-2552.809943
-2566.97158
-2581.131852
-2595.290861
-2609.448558
-2623.60494
-2637.760009
-2651.913711
-2666.0661
-2680.217122
-2694.366778
-2708.51512
-2722.662043
-2736.807653
-2750.951844
-2765.094668
-2779.236073
87037974.29
