1276.980393
1248.389752
1219.796689
1191.201266
1162.603542
1134.003558
1105.401388
1076.797074
1048.190673
1019.582239
990.9718291
962.359501
933.7453021
905.1292903
876.5115232
847.8920588
819.270939
790.6482322
762.0239857
733.3982573
704.7711047
676.1425754
647.512727
618.8816279
590.2493097
561.6158458
532.9812784
504.345681
475.7090852
447.0715592
418.4331661
389.7939427
361.1539521
332.5132574
303.8719057
275.2299445
246.5874472
217.944456
189.3010286
160.6572229
132.0130913
103.3686917
74.72407144
46.07929875
17.43442097
-11.21051462
-39.85542918
-68.50029645
-97.14503761
-125.7896158
-154.4339576
-183.0780209
-211.7217478
-240.3650859
-269.007972
-297.6503536
-326.2921782
-354.9333932
-383.5739409
-412.2137581
-440.8528028
-469.4910119
-498.1283277
-526.7647081
-555.4000848
-584.0344104
-612.667622
-641.2996723
-669.9305033
-698.5600574
-727.1882873
-755.8151245
-784.4405324
-813.0644373
-841.6868025
-870.3075492
-898.9266458
-927.5440292
-956.1596417
-984.7734254
-1013.385333
-1041.995312
-1070.603294
-1099.209238
-1127.813079
-1156.414771
-1185.014256
-1213.61147
-1242.206378
-1270.798905
-1299.389009
-1327.976634
-1356.561714
-1385.14421
-1413.724062
-1442.301212
-1470.875604
-1499.44719
-1528.015917
-1556.581717
-1585.144553
-1613.704358
-1642.261082
-1670.814669
-1699.365072
-1727.912222
-1756.456082
-1784.99659
-1813.533687
-1842.067321
-1870.597444
-1899.123994
-1927.646929
-1956.16618
-1984.6817
-2013.193436
-2041.701331
-2070.205342
-2098.705396
-2127.201452
-2155.693455
-2184.181349
-2212.665087
-2241.144599
-2269.619849
-2298.09078
-2326.557323
-2355.019447
-2383.477082
-2411.930188
-2440.378696
-2468.822563
-2497.261738
-2525.696157
-2554.125778
-2582.550543
-2610.970395
-2639.385286
-2667.795169
-2696.199971
-2724.599664
-2752.994176
-2781.38347
-2809.767472
-2838.146151
-2866.519443
-2894.887297
-2923.249664
-2951.606487
-2979.957713
-3008.30329
-3036.643176
-3064.977298
-3093.305628
-3121.628099
-3149.944658
-3178.255252
-3206.559845
-3234.858364
-3263.15077
-3291.437008
-3319.717028
-3347.990769
-3376.258199
-3404.519238
-3432.773867
-3461.022005
-3489.263617
-3517.498654
-3545.72705
-3573.948766
-3602.16375
-3630.371945
-3658.573303
-3686.767777
-3714.955304
-3743.135852
-3771.309348
-3799.47576
-3827.63503
-3855.787106
-3883.931936
-3912.069477
-3940.199671
-3968.322472
-3996.437826
-4024.545692
-4052.646006
-4080.738721
-4108.823801
-4136.901182
-4164.970818
-4193.03266
-4221.086651
-4249.132759
-4277.170917
-4305.201082
-4333.223201
-4361.237238
-4389.243125
-4417.240824
-4445.230288
-4473.211455
-4501.184293
-4529.148738
-4557.104749
-4585.052273
-4612.991273
-4640.921687
-4668.843467
-4696.756576
-4724.660951
-4752.55656
-4780.443336
-4808.321247
-4836.190234
-4864.050257
-4891.901267
-4919.743207
-4947.576039
-4975.399718
-5003.214185
-5031.019402
-5058.815313
-5086.601881
-5114.379053
-5142.146776
-5169.905019
-5197.653718
-5225.392843
-5253.122326
-5280.842138
-5308.552224
-5336.252546
-5363.943041
-5391.623683
-5419.294414
-5446.955181
-5474.605959
-5502.246678
-5529.877313
-5557.4978
-5585.108109
-5612.70818
-5640.297984
-5667.877461
-5695.44657
-5723.005263
-5750.553505
-5778.091246
-5805.61843
-5833.135026
-5860.640985
-5888.136261
-5915.620811
-5943.094588
-5970.557551
-5998.009651
-6025.450847
-6052.881097
-6080.300348
-6107.708569
-6135.105702
-6162.49172
-6189.866561
-6217.230193
-6244.582568
-6271.923645
-6299.253382
-6326.571731
-6353.878656
-6381.174104
-6408.458038
-6435.730421
-6462.991196
-6490.240337
-6517.477779
-6544.703514
-6571.917461
-6599.1196
-6626.309895
-6653.488281
-6680.654734
-6707.80921
-6734.951657
-6762.08205
-6789.200334
-6816.30647
-6843.400423
-6870.482138
-6897.551593
-6924.608736
-6951.653523
-6978.685925
-7005.705883
-7032.713376
-7059.708351
-7086.690772
-7113.660597
-7140.617794
-7167.562305
-7194.494109
-7221.413155
-7248.319409
-7275.212831
-7302.093373
-7328.961003
-7355.815684
-7382.65737
-7409.486029
-7436.301613
-7463.104097
-7489.893427
-7516.669572
-7543.432495
-7570.182155
-7596.918509
-7623.641526
-7650.351168
-7677.047395
-7703.730163
-7730.399442
-7757.055194
-7783.697378
-7810.325956
-7836.940898
-7863.542161
-7890.129703
-7916.703492
-7943.263498
-7969.809677
-7996.341984
-8022.860401
-8049.364882
-8075.855384
-8102.331876
-8128.794333
-8155.242706
-8181.676953
-8208.097059
-8234.502976
-8260.894663
-8287.272093
-8313.635229
-8339.98404
-8366.318478
-8392.638523
-8418.944132
-8445.235269
-8471.511902
-8497.774005
-8524.02152
-8550.254441
-8576.472717
-8602.676316
-8628.8652
-8655.039349
-8681.198721
-8707.34328
-8733.472992
-8759.587833
-8785.687755
-8811.772742
-8837.842742
-8863.897744
-8889.937695
-8915.962575
-8941.972342
-8967.966974
-8993.946429
-9019.910682
-9045.859695
-9071.793442
-9097.711887
-9123.614997
-9149.502752
-9175.3751
-9201.232023
-9227.073492
-9252.899469
-9278.709923
-9304.504832
-9330.284149
-9356.047864
-9381.795925
-9407.528315
-9433.245003
-9458.945957
-9484.631141
-9510.300534
-9535.954098
-9561.591814
-9587.213643
-9612.819555
-9638.409528
-9663.983526
-9689.541522
-9715.083491
-9740.6094
-9766.119218
-9791.612919
-9817.090471
-9842.551859
-9867.997035
-9893.425984
-9918.838678
-9944.235077
-9969.61517
-9994.978908
-10020.32629
-10045.65727
-10070.97182
-10096.26993
-10121.55154
-10146.81666
-10172.06524
-10197.29726
-10222.5127
-10247.71152
-10272.89371
-10298.05922
-10323.20805
-10348.34015
-10373.45551
-10398.5541
-10423.63589
-10448.70086
-10473.74899
-10498.78024
-10523.79459
-10548.79203
-10573.77251
-10598.73602
-10623.68253
-10648.61203
-10673.52447
-10698.41984
-10723.29812
-10748.15927
-10773.00328
-10797.83013
-10822.63978
-10847.43222
-10872.20742
-10896.96535
-10921.706
-10946.42934
-10971.13535
-10995.824
-11020.49528
-11045.14915
-11069.7856
-11094.4046
-11119.00613
-11143.59018
-11168.15671
-11192.7057
-11217.23713
-11241.75099
-11266.24725
-11290.72588
-11315.18688
-11339.6302
-11364.05584
-11388.46376
-11412.85397
-11437.22642
-11461.5811
-11485.91799
-11510.23707
-11534.53832
-11558.8217
-11583.08723
-11607.33486
-11631.56457
-11655.77635
-11679.97018
-11704.14604
-11728.3039
-11752.44376
-11776.56558
-11800.66935
-11824.75507
-11848.82268
-11872.8722
-11896.90358
-11920.91683
-11944.91191
-11968.88881
-11992.84752
-12016.788
-12040.71025
-12064.61425
-12088.49998
-12112.36742
-12136.21655
-12160.04736
-12183.85984
-12207.65395
-12231.42968
-12255.18703
-12278.92597
-12302.64648
-12326.34855
-12350.03216
-12373.69729
-12397.34393
-12420.97207
-12444.58168
-12468.17275
-12491.74527
-12515.29922
-12538.83458
-12562.35133
-12585.84947
-12609.32897
-12632.78983
-12656.23202
-12679.65553
-12703.06036
-12726.44646
-12749.81386
-12773.1625
-12796.49241
-12819.80353
-12843.0959
-12866.36945
-12889.6242
-12912.86013
-12936.07722
-12959.27546
-12982.45484
-13005.61534
-13028.75696
-13051.87967
-13074.98346
-13098.06832
-13121.13425
-13144.18121
-13167.20921
-13190.21823
-13213.20825
-13236.17928
-13259.13128
-13282.06426
-13304.97819
-13327.87306
-13350.74888
-13373.60562
-13396.44327
-13419.26181
-13442.06125
-13464.84157
-13487.60275
-13510.34479
-13533.06766
-13555.77138
-13578.45591
-13601.12126
-13623.76741
-13646.39435
-13669.00207
-13691.59056
-13714.15981
-13736.70981
-13759.24055
-13781.75202
-13804.24421
-13826.71711
-13849.17072
-13871.60502
-13894.01999
-13916.41564
-13938.79196
-13961.14893
-13983.48655
-14005.80481
-14028.10369
-14050.3832
-14072.64331
-14094.88404
-14117.10535
-14139.30725
-14161.48974
-14183.65279
-14205.79641
-14227.92058
-14250.0253
-14272.11055
-14294.17635
-14316.22267
-14338.2495
-14360.25684
-14382.24469
-14404.21304
-14426.16187
-14448.09119
49019013.22
