18489.55421
18460.56531
18431.52669
18402.43831
18373.30016
18344.11219
18314.87437
18285.58666
18256.24903
18226.86146
18197.4239
18167.93633
18138.39871
18108.81102
18079.17322
18049.48528
18019.74717
17989.95887
17960.12034
17930.23155
17900.29248
17870.3031
17840.26337
17810.17328
17780.0328
17749.8419
17719.60054
17689.30872
17658.96639
17628.57356
17598.13016
17567.63621
17537.09164
17506.49647
17475.85066
17445.15418
17414.40702
17383.60915
17352.76055
17321.86121
17290.91109
17259.91019
17228.85848
17197.75595
17166.60257
17135.39832
17104.1432
17072.83718
17041.48025
17010.07239
16978.61357
16947.1038
16915.54305
16883.93131
16852.26858
16820.55481
16788.79003
16756.9742
16725.10731
16693.18937
16661.22034
16629.20022
16597.12901
16565.00669
16532.83326
16500.6087
16468.33301
16436.00618
16403.6282
16371.19908
16338.71879
16306.18734
16273.60473
16240.97093
16208.28596
16175.54982
16142.76248
16109.92396
16077.03426
16044.09336
16011.10128
15978.05801
15944.96356
15911.81791
15878.62108
15845.37306
15812.07387
15778.72349
15745.32194
15711.86922
15678.36535
15644.8103
15611.20411
15577.54676
15543.83828
15510.07867
15476.26793
15442.40609
15408.49312
15374.52908
15340.51394
15306.44774
15272.33047
15238.16214
15203.9428
15169.67243
15135.35104
15100.97867
15066.55531
15032.081
14997.55575
14962.97956
14928.35247
14893.67448
14858.94563
14824.16592
14789.33539
14754.45404
14719.5219
14684.53901
14649.50536
14614.421
14579.28594
14544.1002
14508.86383
14473.57684
14438.23926
14402.85111
14367.41242
14331.92323
14296.38356
14260.79344
14225.15291
14189.46199
14153.72072
14117.92912
14082.08724
14046.19511
14010.25276
13974.26023
13938.21754
13902.12475
13865.98189
13829.789
13793.5461
13757.25325
13720.91049
13684.51786
13648.07539
13611.58313
13575.04112
13538.44941
13501.80805
13465.11707
13428.37652
13391.58645
13354.74691
13317.85794
13280.91959
13243.93193
13206.89497
13169.8088
13132.67345
13095.48898
13058.25543
13020.97288
12983.64137
12946.26094
12908.83167
12871.3536
12833.82681
12796.25133
12758.62723
12720.95458
12683.23343
12645.46384
12607.64588
12569.77961
12531.86508
12493.90238
12455.89155
12417.83268
12379.72581
12341.57102
12303.36838
12265.11796
12226.81982
12188.47405
12150.08068
12111.63984
12073.15155
12034.61592
11996.033
11957.40287
11918.72562
11880.00131
11841.23003
11802.41185
11763.54684
11724.6351
11685.67669
11646.67171
11607.62022
11568.52232
11529.3781
11490.18762
11450.95099
11411.66827
11372.33956
11332.96496
11293.54453
11254.07838
11214.56659
11175.00926
11135.40647
11095.75832
11056.0649
11016.3263
10976.54263
10936.71397
10896.84041
10856.92206
10816.95901
10776.95137
10736.89923
10696.80268
10656.66185
10616.47682
10576.24768
10535.97456
10495.65755
10455.29677
10414.8923
10374.44426
10333.95276
10293.4179
10252.83979
10212.21856
10171.55429
10130.8471
10090.09712
10049.30444
10008.46918
9967.591461
9926.671393
9885.70909
9844.704674
9803.658259
9762.569967
9721.439908
9680.268208
9639.054999
9597.80038
9556.504482
9515.167438
9473.789362
9432.370386
9390.910621
9349.410203
9307.869268
9266.287928
9224.666313
9183.00457
9141.302805
9099.561165
9057.779781
9015.95878
8974.098292
8932.198459
8890.259414
8848.281292
8806.26423
8764.208365
8722.113834
8679.980778
8637.809328
8595.599638
8553.351838
8511.066081
8468.742493
8426.381237
8383.982444
8341.546262
8299.072837
8256.562322
8214.014849
8171.43058
8128.809662
8086.152237
8043.458463
8000.728483
7957.962457
7915.16054
7872.322868
7829.449619
7786.54093
7743.596964
7700.617874
7657.603821
7614.554954
7571.471446
7528.353449
7485.201121
7442.01462
7398.794118
7355.539763
7312.251735
7268.930184
7225.575274
7182.187189
7138.766066
7095.312099
7051.825435
7008.306253
6964.754716
6921.170997
6877.555269
6833.907696
6790.228445
6746.517707
6702.775637
6659.002416
6615.198217
6571.363213
6527.497587
6483.601508
6439.67515
6395.718702
6351.732332
6307.716228
6263.67056
6219.595516
6175.491269
6131.35801
6087.195917
6043.005167
5998.785957
5954.538458
5910.262861
5865.959354
5821.628117
5777.269343
5732.883217
5688.469922
5644.029647
5599.562594
5555.068944
5510.548883
5466.002604
5421.430302
5376.832177
5332.208402
5287.559188
5242.884723
5198.185202
5153.460814
5108.71177
5063.938248
5019.140453
4974.318594
4929.472847
4884.603425
4839.71053
4794.794349
4749.855088
4704.892957
4659.908141
4614.900859
4569.871295
4524.819666
4479.746165
4434.651014
4389.534396
4344.396531
4299.23761
4254.057852
4208.857463
4163.636643
4118.395607
4073.134548
4027.853694
3982.553239
3937.233409
3891.894387
3846.536415
3801.159673
3755.764401
3710.350789
3664.919058
3619.469417
3574.002088
3528.517271
3483.01519
3437.496052
3391.960082
3346.40748
3300.838471
3255.253277
3209.652097
3164.035168
3118.402684
3072.754881
3027.091965
2981.414167
2935.721697
2890.014765
2844.293612
2798.558434
2752.809472
2707.046926
2661.271037
2615.482006
2569.680068
2523.865444
2478.038345
2432.199007
2386.347635
2340.484476
2294.609724
2248.723627
2202.826399
2156.918257
2110.999442
2065.070153
2019.130643
1973.181118
1927.221813
1881.252943
1835.274741
1789.287431
1743.291241
1697.286396
1651.273121
1605.251638
1559.222189
1513.184988
1467.140267
1421.088253
1375.029165
1328.963245
1282.89072
1236.8118
1190.726737
1144.635745
1098.539058
1052.4369
1006.329502
960.2170966
914.0999091
867.9781706
821.8521073
775.7219556
729.5879362
683.4502855
637.3092243
591.1649996
545.0178215
498.8679371
452.7155619
406.5609374
360.4042793
314.2458397
268.0858341
221.9244885
175.7620498
129.5987283
83.43477093
37.27040367
-8.894152787
-55.05865143
-101.2228716
-147.3865872
-193.5495566
-239.7115591
-285.8723582
-332.031728
-378.1894318
-424.3452439
-470.4989382
-516.6502783
-562.7990381
-608.9449759
-655.0878816
-701.2275134
-747.3636349
-793.4960358
-839.6244639
-885.7487089
-931.8685345
-977.9837042
-1024.093997
-1070.199182
-1116.299028
-1162.393314
-1208.481804
-1254.564266
-1300.640475
-1346.710215
-1392.773239
-1438.829331
-1484.878256
-1530.919792
-1576.953714
-1622.979784
-1668.997783
-1715.007484
-1761.008661
-1807.001084
-1852.984526
-1898.958771
-1944.923578
-1990.878732
-2036.824006
-2082.759175
-2128.684018
-2174.598293
-2220.501805
-2266.394303
-2312.275577
-2358.145404
-2404.00355
-2449.849809
-2495.68394
-2541.505742
-2587.314968
-2633.11142
-2678.89486
-2724.665074
-2770.421845
-2816.164942
-2861.89415
-2907.609254
-2953.310033
-2998.99626
-3044.667726
-3090.32421
-3135.965491
-3181.591353
-3227.201583
-3272.795952
-3318.374262
-3363.936281
-3409.481805
-3455.010607
-3500.522483
-3546.017206
-3591.494583
-3636.954376
-3682.396386
-3727.820403
-3773.226206
-3818.613579
-3863.982329
-3909.332229
-3954.663069
-3999.974649
-4045.266754
-4090.539173
-4135.791697
-4181.024121
-4226.236234
-4271.427836
-4316.598707
-4361.748658
-4406.877463
-4451.984938
-4497.070861
-4542.135039
-4587.177257
-4632.197324
-4677.195032
-4722.170179
-4767.122562
-4812.05198
-4856.958234
-4901.841119
-4946.700451
-4991.536009
-5036.347614
-5081.135052
-5125.898138
-5170.636667
-5215.350455
-5260.039287
-5304.70299
-5349.341347
-5393.954186
-5438.541302
-5483.1025
-5527.637596
-5572.14639
-5616.6287
-5661.084334
-5705.513095
-5749.914802
-5794.289262
-5838.636286
28185322.29
