-21128.60999
-21148.6771
-21168.7148
-21188.72311
-21208.70206
-21228.65169
-21248.57202
-21268.46308
-21288.32491
-21308.15752
-21327.96096
-21347.73524
-21367.48042
-21387.19649
-21406.88351
-21426.54149
-21446.17048
-21465.77049
-21485.34156
-21504.88373
-21524.39701
-21543.88144
-21563.33704
-21582.76386
-21602.16193
-21621.53126
-21640.87188
-21660.18385
-21679.46717
-21698.72189
-21717.94803
-21737.14562
-21756.31471
-21775.45529
-21794.56743
-21813.65115
-21832.70647
-21851.73343
-21870.73206
-21889.7024
-21908.64446
-21927.55829
-21946.44391
-21965.30135
-21984.13066
-22002.93184
-22021.70495
-22040.45001
-22059.16706
-22077.85611
-22096.51721
-22115.15039
-22133.75567
-22152.33309
-22170.88269
-22189.40449
-22207.89852
-22226.36483
-22244.80342
-22263.21435
-22281.59764
-22299.95332
-22318.28143
-22336.582
-22354.85506
-22373.10064
-22391.31877
-22409.50949
-22427.67282
-22445.80881
-22463.91749
-22481.99886
-22500.053
-22518.0799
-22536.07963
-22554.0522
-22571.99763
-22589.91599
-22607.80727
-22625.67155
-22643.50882
-22661.31912
-22679.10251
-22696.85898
-22714.58861
-22732.29139
-22749.96738
-22767.61661
-22785.23909
-22802.83488
-22820.40401
-22837.94649
-22855.46237
-22872.95169
-22890.41446
-22907.85073
-22925.26052
-22942.64389
-22960.00084
-22977.33143
-22994.63566
-23011.9136
-23029.16526
-23046.39068
-23063.58989
-23080.76293
-23097.90982
-23115.0306
-23132.12531
-23149.19397
-23166.23662
-23183.25331
-23200.24403
-23217.20885
-23234.1478
-23251.06089
-23267.94818
-23284.80969
-23301.64545
-23318.4555
-23335.23987
-23351.99859
-23368.73171
-23385.43923
-23402.12122
-23418.7777
-23435.40868
-23452.01423
-23468.59436
-23485.14912
-23501.67852
-23518.18261
-23534.66142
-23551.11498
-23567.54333
-23583.9465
-23600.32452
-23616.67743
-23633.00525
-23649.30803
-23665.58579
-23681.83857
-23698.06641
-23714.26932
-23730.44736
-23746.60056
-23762.72893
-23778.83252
-23794.91137
-23810.96551
-23826.99495
-23842.99975
-23858.97994
-23874.93555
-23890.8666
-23906.77315
-23922.6552
-23938.51282
-23954.34602
-23970.15483
-23985.9393
-24001.69945
-24017.43532
-24033.14694
-24048.83435
-24064.49758
-24080.13666
-24095.75161
-24111.34249
-24126.90932
-24142.45214
-24157.97096
-24173.46585
-24188.93681
-24204.3839
-24219.80713
-24235.20654
-24250.58218
-24265.93406
-24281.26223
-24296.56672
-24311.84754
-24327.10476
-24342.33839
-24357.54847
-24372.73504
-24387.89811
-24403.03774
-24418.15394
-24433.24677
-24448.31624
-24463.36238
-24478.38525
-24493.38486
-24508.36126
-24523.31446
-24538.24451
-24553.15144
-24568.03528
-24582.89606
-24597.73383
-24612.5486
-24627.34042
-24642.10931
-24656.85532
-24671.57846
-24686.27878
-24700.95632
-24715.61109
-24730.24313
-24744.85248
-24759.43917
-24774.00324
-24788.5447
-24803.06361
-24817.55999
-24832.03386
-24846.48528
-24860.91427
-24875.32086
-24889.70508
-24904.06696
-24918.40655
-24932.72386
-24947.01895
-24961.29183
-24975.54254
-24989.77112
-25003.97757
-25018.16198
-25032.32433
-25046.46467
-25060.58304
-25074.67947
-25088.75399
-25102.80662
-25116.83742
-25130.8464
-25144.83359
-25158.79905
-25172.74277
-25186.66482
-25200.56522
-25214.444
-25228.30118
-25242.13682
-25255.95092
-25269.74355
-25283.5147
-25297.26443
-25310.99277
-25324.69975
-25338.38539
-25352.04973
-25365.69281
-25379.31466
-25392.91529
-25406.49476
-25420.05309
-25433.59031
-25447.10646
-25460.60156
-25474.07565
-25487.52875
-25500.96092
-25514.37216
-25527.76252
-25541.13203
-25554.48071
-25567.8086
-25581.11574
-25594.40214
-25607.66786
-25620.9129
-25634.13732
-25647.34113
-25660.52438
-25673.68708
-25686.82928
-25699.95101
-25713.05229
-25726.13315
-25739.19364
-25752.23377
-25765.25359
-25778.25311
-25791.23239
-25804.19143
-25817.13028
-25830.04896
-25842.94752
-25855.82597
-25868.68435
-25881.52269
-25894.34103
-25907.13938
-25919.91779
-25932.67629
-25945.41489
-25958.13365
-25970.83258
-25983.51171
-25996.17109
-26008.81073
-26021.43068
-26034.03095
-26046.61158
-26059.1726
-26071.71405
-26084.23595
-26096.73833
-26109.22122
-26121.68466
-26134.12867
-26146.55328
-26158.95853
-26171.34444
-26183.71105
-26196.05838
-26208.38647
-26220.69535
-26232.98504
-26245.25557
-26257.50698
-26269.7393
-26281.95255
-26294.14677
-26306.32198
-26318.47823
-26330.61552
-26342.7339
-26354.8334
-26366.91404
-26378.97585
-26391.01888
-26403.04313
-26415.04865
-26427.03547
-26439.0036
-26450.95309
-26462.88396
-26474.79624
-26486.68997
-26498.56516
-26510.42185
-26522.26009
-26534.07986
-26545.88124
-26557.66422
-26569.42886
-26581.17517
-26592.90318
-26604.61294
-26616.30444
-26627.97775
-26639.63288
-26651.26985
-26662.88871
-26674.48947
-26686.07218
-26697.63684
-26709.18351
-26720.71219
-26732.22293
-26743.71575
-26755.19069
-26766.64774
-26778.08698
-26789.50841
-26800.91208
-26812.29793
-26823.6662
-26835.01666
-26846.34946
-26857.66471
-26868.9623
-26880.24234
-26891.50477
-26902.74976
-26913.97719
-26925.18724
-26936.37978
-26947.55487
-26958.71273
-26969.85309
-26980.97627
-26992.082
-27003.17054
-27014.24191
-27025.29592
-27036.33287
-27047.35262
-27058.3552
-27069.34074
-27080.30916
-27091.2606
-27102.19496
-27113.1124
-27124.01276
-27134.89631
-27145.76288
-27156.61259
-27167.44542
-27178.26144
-27189.06075
-27199.84314
-27210.60892
-27221.35788
-27232.09019
-27242.80589
-27253.50488
-27264.18726
-27274.85315
-27285.50242
-27296.13515
-27306.75142
-27317.35119
-27327.93452
-27338.5014
-27349.05199
-27359.58613
-27370.10397
-27380.60543
-27391.09069
-27401.55967
-27412.01236
-27422.44891
-27432.86928
-27443.27346
-27453.66156
-27464.03348
-27474.38942
-27484.72928
-27495.05311
-27505.36091
-27515.65285
-27525.9287
-27536.18879
-27546.43285
-27556.66115
-27566.87357
-27577.07023
-27587.25097
-27597.4161
-27607.56542
-27617.69907
-27627.81701
-27637.91929
-27648.00596
-27658.07703
-27668.13248
-27678.17244
-27688.19679
-27698.20574
-27708.19913
-27718.17713
-27728.13963
-27738.08683
-27748.01854
-27757.935
-27767.83612
-27777.72189
-27787.59242
-27797.44771
-27807.28777
-27817.11264
-27826.92232
-27836.71681
-27846.49627
-27856.2606
-27866.00985
-27875.74401
-27885.4632
-27895.16741
-27904.85659
-27914.53085
-27924.19018
-27933.83465
-27943.46418
-27953.0789
-27962.6788
-27972.26388
-27981.83419
-27991.38974
-28000.93062
-28010.45674
-28019.96814
-28029.46499
-28038.94718
-28048.4147
-28057.86772
-28067.30619
-28076.73004
-28086.13945
-28095.53429
-28104.91479
-28114.28084
-28123.63239
-28132.96959
-28142.2925
-28151.60095
-28160.89516
-28170.17503
-28179.44071
-28188.69209
-28197.92919
-28207.15225
-28216.36096
-28225.55564
-28234.73614
-28243.90255
-28253.05493
-28262.19312
-28271.31744
-28280.42762
-28289.52388
-28298.60615
-28307.67456
-28316.72893
-28325.76943
-28334.79616
-28343.80892
-28352.80796
-28361.79312
-28370.76457
-28379.7222
-28388.66611
-28397.59636
-28406.51289
-28415.41576
-28424.30497
-28433.18057
-28442.04261
-28450.89109
-28459.72591
-28468.54733
-28477.35519
-28486.14954
-28494.93049
-28503.69794
-28512.45204
-28521.19274
-28529.91999
-28538.634
-28547.33465
-28556.02196
-28564.69603
-28573.3568
-28582.00438
-28590.63872
-28599.25987
-28607.86788
-28616.4627
-28625.04444
-28633.61298
-28642.1686
-28650.71098
-28659.24048
-28667.75684
-28676.26033
-28684.75073
-28693.22821
-28701.69281
-28710.14443
-28718.58323
-28727.00915
-28735.4222
-28743.82248
-28752.20988
-28760.58457
-28768.94644
-28777.29564
-28785.63212
-28793.95589
-28802.26694
-28810.56542
-28818.85125
-28827.12441
-28835.38506
-28843.6331
-28851.86864
-28860.09156
-28868.30213
-28876.50009
-28884.6856
-28892.85875
-28901.0194
-28909.16765
-28917.3036
-28925.42715
-28933.53835
-28941.63725
-28949.72386
-28957.79817
-28965.86029
-28973.91006
-28981.94774
58913534.81
