-25873.72293
-25886.4605
-25899.17728
-25911.87329
-25924.54856
-25937.20315
-25949.83706
-25962.45034
-25975.04303
-25987.61515
-26000.16675
-26012.69785
-26025.2085
-26037.69872
-26050.16854
-26062.61801
-26075.04715
-26087.45601
-26099.8446
-26112.21298
-26124.56116
-26136.8892
-26149.1971
-26161.48492
-26173.75269
-26186.00044
-26198.22818
-26210.43599
-26222.62387
-26234.79187
-26246.94001
-26259.06832
-26271.17685
-26283.26563
-26295.33469
-26307.38405
-26319.41376
-26331.42385
-26343.41435
-26355.3853
-26367.33672
-26379.26864
-26391.18112
-26403.07416
-26414.94782
-26426.80211
-26438.63708
-26450.45276
-26462.24917
-26474.02635
-26485.78434
-26497.52316
-26509.24286
-26520.94344
-26532.62497
-26544.28746
-26555.93094
-26567.55547
-26579.16103
-26590.74771
-26602.31551
-26613.86447
-26625.39461
-26636.90598
-26648.3986
-26659.87251
-26671.32773
-26682.76432
-26694.18227
-26705.58164
-26716.96245
-26728.32474
-26739.66854
-26750.99387
-26762.30079
-26773.5893
-26784.85943
-26796.11124
-26807.34475
-26818.55998
-26829.75697
-26840.93575
-26852.09635
-26863.2388
-26874.36314
-26885.46939
-26896.55758
-26907.62776
-26918.67994
-26929.71416
-26940.73044
-26951.72882
-26962.70935
-26973.67202
-26984.61689
-26995.54397
-27006.45332
-27017.34495
-27028.21888
-27039.07516
-27049.91383
-27060.73489
-27071.53838
-27082.32435
-27093.0928
-27103.84379
-27114.57733
-27125.29345
-27135.99219
-27146.67358
-27157.33764
-27167.98441
-27178.61391
-27189.22618
-27199.82124
-27210.39913
-27220.95988
-27231.5035
-27242.03005
-27252.53952
-27263.03199
-27273.50744
-27283.96593
-27294.40748
-27304.83212
-27315.2399
-27325.6308
-27336.00488
-27346.36219
-27356.70272
-27367.02651
-27377.3336
-27387.62402
-27397.89778
-27408.15494
-27418.3955
-27428.6195
-27438.82696
-27449.01792
-27459.19241
-27469.35045
-27479.49207
-27489.61731
-27499.72618
-27509.81872
-27519.89496
-27529.95492
-27539.99864
-27550.02614
-27560.03744
-27570.03259
-27580.01159
-27589.97449
-27599.92133
-27609.8521
-27619.76685
-27629.66561
-27639.5484
-27649.41526
-27659.2662
-27669.10127
-27678.92047
-27688.72385
-27698.51143
-27708.28324
-27718.03931
-27727.77965
-27737.50431
-27747.21331
-27756.90669
-27766.58442
-27776.24659
-27785.89321
-27795.52432
-27805.13988
-27814.74004
-27824.3247
-27833.89396
-27843.44788
-27852.98635
-27862.50952
-27872.01735
-27881.50999
-27890.98729
-27900.44935
-27909.89628
-27919.32801
-27928.74457
-27938.14598
-27947.53237
-27956.90362
-27966.2599
-27975.60109
-27984.92731
-27994.23855
-28003.53491
-28012.8163
-28022.08282
-28031.33452
-28040.5713
-28049.79336
-28059.0006
-28068.19313
-28077.37084
-28086.53389
-28095.68233
-28104.816
-28113.93512
-28123.03962
-28132.12952
-28141.20491
-28150.26575
-28159.31208
-28168.34402
-28177.3614
-28186.36443
-28195.35306
-28204.3273
-28213.28718
-28222.23278
-28231.16403
-28240.08103
-28248.9838
-28257.87238
-28266.74671
-28275.60686
-28284.45292
-28293.28485
-28302.10264
-28310.90635
-28319.69608
-28328.47178
-28337.23345
-28345.98119
-28354.7149
-28363.43479
-28372.14071
-28380.8328
-28389.51096
-28398.17541
-28406.82599
-28415.4628
-28424.08589
-28432.69521
-28441.29082
-28449.87282
-28458.44111
-28466.99578
-28475.53684
-28484.06434
-28492.57824
-28501.07862
-28509.56551
-28518.03888
-28526.49881
-28534.94528
-28543.37835
-28551.79807
-28560.20429
-28568.59732
-28576.97694
-28585.34327
-28593.69631
-28602.03616
-28610.36271
-28618.67612
-28626.97629
-28635.26333
-28643.53728
-28651.79803
-28660.04576
-28668.2804
-28676.50195
-28684.71053
-28692.90618
-28701.08869
-28709.25843
-28717.41509
-28725.55897
-28733.68988
-28741.80796
-28749.91317
-28758.00561
-28766.08528
-28774.15213
-28782.20626
-28790.24767
-28798.27631
-28806.29234
-28814.29571
-28822.28647
-28830.26456
-28838.23009
-28846.183
-28854.12347
-28862.05132
-28869.96672
-28877.86961
-28885.76004
-28893.63808
-28901.50366
-28909.35689
-28917.19771
-28925.02625
-28932.84237
-28940.64621
-28948.4378
-28956.21714
-28963.98424
-28971.73904
-28979.48176
-28987.21223
-28994.93057
-29002.63676
-29010.33087
-29018.01284
-29025.68282
-29033.34072
-29040.98659
-29048.62042
-29056.24233
-29063.85225
-29071.45024
-29079.03631
-29086.61044
-29094.17275
-29101.72313
-29109.2618
-29116.78853
-29124.30355
-29131.80674
-29139.29821
-29146.77797
-29154.24595
-29161.70232
-29169.14692
-29176.58001
-29184.00133
-29191.41114
-29198.80934
-29206.19597
-29213.57099
-29220.93461
-29228.28662
-29235.62717
-29242.95626
-29250.27395
-29257.58013
-29264.87501
-29272.15839
-29279.43046
-29286.69124
-29293.94056
-29301.17874
-29308.40547
-29315.6211
-29322.82534
-29330.01843
-29337.20033
-29344.37098
-29351.53055
-29358.67887
-29365.81615
-29372.94229
-29380.05735
-29387.16132
-29394.25425
-29401.33614
-29408.40711
-29415.46693
-29422.51593
-29429.5539
-29436.58093
-29443.59709
-29450.60231
-29457.59671
-29464.58023
-29471.55288
-29478.51475
-29485.46585
-29492.40607
-29499.33567
-29506.2544
-29513.16246
-29520.05985
-29526.94647
-29533.82247
-29540.68786
-29547.54258
-29554.38669
-29561.22023
-29568.04321
-29574.85558
-29581.65743
-29588.44878
-29595.22966
-29601.99999
-29608.75991
-29615.50937
-29622.24838
-29628.97703
-29635.69528
-29642.40317
-29649.10066
-29655.7878
-29662.46474
-29669.13128
-29675.78757
-29682.43361
-29689.06936
-29695.69496
-29702.31031
-29708.91547
-29715.51044
-29722.09526
-29728.66999
-29735.23458
-29741.78903
-29748.33344
-29754.86776
-29761.39205
-29767.90635
-29774.4105
-29780.90483
-29787.38902
-29793.86338
-29800.32771
-29806.78215
-29813.22672
-29819.66135
-29826.08605
-29832.50103
-29838.90608
-29845.30135
-29851.68675
-29858.06242
-29864.42831
-29870.78449
-29877.13084
-29883.46752
-29889.79453
-29896.11182
-29902.41938
-29908.71739
-29915.00577
-29921.28444
-29927.55359
-29933.81312
-29940.06304
-29946.3035
-29952.5344
-29958.75573
-29964.9676
-29971.17001
-29977.36286
-29983.54641
-29989.72039
-29995.88497
-30002.04025
-30008.18601
-30014.32253
-30020.44958
-30026.56734
-30032.67579
-30038.77494
-30044.86484
-30050.94534
-30057.01675
-30063.0788
-30069.13165
-30075.17531
-30081.20977
-30087.23509
-30093.25121
-30099.25819
-30105.25608
-30111.24477
-30117.22448
-30123.19504
-30129.15656
-30135.10904
-30141.05244
-30146.98689
-30152.91226
-30158.82875
-30164.73614
-30170.63466
-30176.52424
-30182.40489
-30188.27665
-30194.13943
-30199.99344
-30205.83856
-30211.6748
-30217.50222
-30223.3208
-30229.13067
-30234.9317
-30240.72391
-30246.50749
-30252.2822
-30258.04823
-30263.8056
-30269.55424
-30275.29416
-30281.02551
-30286.74808
-30292.46215
-30298.16754
-30303.86431
-30309.55257
-30315.23216
-30320.90319
-30326.56575
-30332.21975
-30337.86523
-30343.5022
-30349.13072
-30354.75071
-30360.3623
-30365.96538
-30371.56015
-30377.14636
-30382.72426
-30388.29381
-30393.8549
-30399.40769
-30404.95217
-30410.48825
-30416.01607
-30421.53554
-30427.04681
-30432.54973
-30438.04444
-30443.53086
-30449.00913
-30454.47915
-30459.94097
-30465.39464
-30470.84007
-30476.2774
-30481.70659
-30487.12763
-30492.54053
-30497.94544
-30503.3421
-30508.73087
-30514.1114
-30519.48404
-30524.84859
-30530.20505
-30535.55368
-30540.89416
-30546.22671
-30551.55132
-30556.868
-30562.17674
-30567.47749
-30572.77042
-30578.0554
-30583.33251
-30588.60179
-30593.86323
-30599.11675
-30604.36248
-30609.60044
-30614.83051
-30620.05291
-30625.26748
-30630.47423
-30635.67335
-30640.86469
-30646.04826
-30651.22421
-30656.39238
-30661.55293
-30666.7058
-30671.85106
-30676.98859
-30682.11851
-30687.24091
-30692.35558
-30697.46279
-30702.56233
-30707.6543
-30712.73881
-30717.8157
-30722.88508
-30727.94699
-30733.00139
-30738.04827
-30743.08769
-30748.1197
-30753.1442
-30758.16129
-30763.17091
-30768.17323
65228270.48
