-200.6711
-200.377
-200.0831
-199.7895
-199.4963
-199.2033
-198.9106
-198.6183
-198.3261
-198.0344
-197.7428
-197.4518
-197.1607
-196.8702
-196.5798
-196.2899
-196.0001
-195.7107
-195.4217
-195.1328
-194.8443
-194.556
-194.2682
-193.9807
-193.6933
-193.4062
-193.1197
-192.8332
-192.5472
-192.2614
-191.9759
-191.6909
-191.4058
-191.1214
-190.8372
-190.5532
-190.2696
-189.9863
-189.7034
-189.4206
-189.1383
-188.8562
-188.5744
-188.2931
-188.0118
-187.7311
-187.4506
-187.1705
-186.8905
-186.611
-186.3318
-186.0528
-185.7742
-185.496
-185.218
-184.9403
-184.6631
-184.3859
-184.1093
-183.8329
-183.5568
-183.2811
-183.0057
-182.7306
-182.4558
-182.1813
-181.9072
-181.6333
-181.3599
-181.0868
-180.8137
-180.5414
-180.269
-179.9973
-179.7257
-179.4543
-179.1836
-178.9128
-178.6428
-178.3727
-178.103
-177.8339
-177.5647
-177.2963
-177.0278
-176.7599
-176.4923
-176.2248
-175.9579
-175.6913
-175.4248
-175.1588
-174.8932
-174.6277
-174.3627
-174.0979
-173.8337
-173.5695
-173.3059
-173.0423
-172.7794
-172.5166
-172.2542
-171.9921
-171.7304
-171.4689
-171.2078
-170.9471
-170.6866
-170.4265
-170.1669
-169.9072
-169.6482
-169.3895
-169.1309
-168.8729
-168.6151
-168.3576
-168.1005
-167.8437
-167.5872
-167.3312
-167.0752
-166.8199
-166.5648
-166.3098
-166.0555
-165.8013
-165.5476
-165.294
-165.0409
-164.7881
-164.5356
-164.2835
-164.0317
-163.7802
-163.5291
-163.2782
-163.0278
-162.7776
-162.5278
-162.2784
-162.0291
-161.7804
-161.532
-161.2837
-161.0359
-160.7885
-160.5414
-160.2944
-160.048
-159.8019
-159.5561
-159.3105
-159.0655
-158.8205
-158.5762
-158.332
-158.0881
-157.8447
-157.6015
-157.3587
-157.1162
-156.8741
-156.6323
-156.3908
-156.1495
-155.9088
-155.6683
-155.4282
-155.1882
-154.9489
-154.7096
-154.4709
-154.2323
-153.9941
-153.7564
-153.5188
-153.2817
-153.0449
-152.8082
-152.5722
-152.3363
-152.1008
-151.8657
-151.6307
-151.3963
-151.162
-150.9283
-150.6947
-150.4614
-150.2287
-149.9961
-149.764
-149.532
-149.3005
-149.0693
-148.8384
-148.6078
-148.3777
-148.1477
-147.9182
-147.6889
-147.4601
-147.2314
-147.0032
-146.7754
-146.5477
-146.3204
-146.0935
-145.8669
-145.6407
-145.4146
-145.1891
-144.9638
-144.7387
-144.5142
-144.2899
-144.0659
-143.8422
-143.6188
-143.3959
-143.1731
-142.9509
-142.7288
-142.5071
-142.2858
-142.0645
-141.8441
-141.6235
-141.4034
-141.1837
-140.9643
-140.7452
-140.5263
-140.308
-140.0898
-139.8719
-139.6546
-139.4372
-139.2205
-139.004
-138.7878
-138.5718
-138.3564
-138.141
-137.9263
-137.7115
-137.4973
-137.2834
-137.0698
-136.8564
-136.6434
-136.4308
-136.2185
-136.0063
-135.7947
-135.5833
-135.3722
-135.1615
-134.951
-134.7409
-134.531
-134.3217
-134.1124
-133.9036
-133.6951
-133.4868
-133.2789
-133.0714
-132.864
-132.6572
-132.4504
-132.2442
-132.0381
-131.8325
-131.627
-131.422
-131.2173
-131.0128
-130.8086
-130.6049
-130.4013
-130.1982
-129.9952
-129.7928
-129.5904
-129.3885
-129.1868
-128.9856
-128.7845
-128.5838
-128.3834
-128.1834
-127.9835
-127.7841
-127.585
-127.386
-127.1876
-126.9893
-126.7913
-126.5938
-126.3964
-126.1995
-126.0027
-125.8063
-125.6102
-125.4145
-125.219
-125.0238
-124.8289
-124.6344
-124.4401
-124.2461
-124.0525
-123.8591
-123.6661
-123.4733
-123.2809
-123.0888
-122.8969
-122.7053
-122.5141
-122.3232
-122.1325
-121.9422
-121.7521
-121.5625
-121.3729
-121.1838
-120.995
-120.8064
-120.6181
-120.4303
-120.2425
-120.0552
-119.8682
-119.6813
-119.4949
-119.3087
-119.1228
-118.9373
-118.7519
-118.5669
-118.3824
-118.1977
-118.0138
-117.8298
-117.6464
-117.4631
-117.2801
-117.0976
-116.915
-116.7331
-116.5513
-116.3697
-116.1886
-116.0076
-115.8271
-115.6466
-115.4667
-115.2868
-115.1074
-114.9282
-114.7494
-114.5705
-114.3924
-114.2143
-114.0367
-113.8585
-113.6827
-113.5046
-113.328
-113.1525
-112.9759
-112.8004
-112.6243
-112.4499
-112.2743
-112.1005
-111.9254
-111.7509
-111.5786
-111.4036
-111.2318
-111.0573
-110.8854
-110.7137
-110.5401
-110.3695
-110.1975
-110.0258
-109.8554
-109.6842
-109.5144
-109.3436
-109.1744
-109.0036
-108.8355
-108.6657
-108.4971
-108.3283
-108.1602
-107.9931
-107.8239
-107.6578
-107.4896
-107.3231
-107.157
-106.9899
-106.8238
-106.6589
-106.4927
-106.3273
-106.1627
-105.9977
-105.8333
-105.6688
-105.5059
-105.3414
-105.1784
-105.0146
-104.8526
-104.6898
-104.5269
-104.3655
-104.2037
-104.0418
-103.881
-103.7192
-103.5594
-103.3986
-103.2383
-103.078
-102.9194
-102.7585
-102.6009
-102.4406
-102.283
-102.1242
-101.9666
-101.8074
-101.6513
-101.4932
-101.3365
-101.1794
-101.0228
-100.8667
-100.7107
-100.5545
-100.3996
-100.2435
-100.0895
-99.9339
-99.78
-99.625
-99.472
-99.3171
-99.1646
-99.0112
-98.8577
-98.7053
-98.5529
-98.4006
-98.2487
-98.0968
-97.9449
-97.7946
-97.6433
-97.4925
-97.3416
-97.1919
-97.0421
-96.8918
-96.7426
-96.5933
-96.4447
-96.2953
-96.1472
-95.999
-95.8508
-95.7031
-95.5555
-95.4088
-95.2612
-95.114
-94.9685
-94.8219
-94.6752
-94.5302
-94.3847
-94.2385
-94.0941
-93.9484
-93.805
-93.6605
-93.5155
-93.372
-93.2291
-93.0845
-92.9421
-92.7987
-92.6568
-92.5138
-92.371
-92.2306
-92.0871
-91.9468
-91.805
-91.6641
-91.5238
-91.3819
-91.2432
-91.1018
-90.9626
-90.8227
-90.6841
-90.5437
-90.405
-90.2673
-90.1276
-89.9904
-89.8516
-89.7145
-89.5763
-89.4391
-89.3025
-89.1653
-89.0287
-88.8921
-88.756
-88.6204
-88.4848
-88.3482
-88.2142
-88.0786
-87.9435
-87.8095
-87.6745
-87.541
-87.407
-87.2725
-87.1401
-87.0065
-86.8731
-86.7407
-86.6077
-86.4758
-86.3434
-86.2115
-86.0801
-85.9482
-85.8174
-85.6854
-85.5562
-85.4238
-85.295
-85.1636
-85.0349
-84.904
-84.7748
-84.646
-84.5162
-84.388
-84.2592
-84.1305
-84.0028
-83.874
-83.7469
-83.6187
-83.492
-83.3648
-83.2377
-83.1105
-82.9848
-82.8583
-82.7316
-82.6065
-82.4804
-82.3554
-82.2292
-82.1057
-81.9796
-81.8551
-81.7315
-81.6065
-81.4825
-81.3595
-81.2355
-81.112
-80.989
-80.8661
-80.7431
-80.6212
-80.4977
-80.3768
589425167.6
-589135348.1
