-285.90641
-285.93063
-285.95423
-285.97724
-285.99984
-286.0217
-286.04314
-286.06401
-286.08434
-286.104099
-286.123281
-286.141989
-286.160118
-286.177671
-286.194644
-286.211198
-286.227068
-286.242465
-286.257284
-286.271526
-286.285293
-286.298484
-286.310991
-286.323182
-286.334639
-286.345674
-286.355974
-286.365958
-286.37526
-286.383931
-286.392234
-286.399906
-286.406947
-286.413517
-286.419612
-286.424973
-286.429912
-286.434274
-286.438057
-286.441316
-286.443996
-286.4462026
-286.4477269
-286.4487778
-286.4493559
-286.4491456
-286.4486727
-286.4474116
-286.4457819
-286.443418
-286.440633
-286.437269
-286.433381
-286.428861
-286.423816
-286.418246
-286.41215
-286.405477
-286.398172
-286.390447
-286.382091
-286.373158
-286.363804
-286.353767
-286.343256
-286.332116
-286.320503
-286.30831
-286.295541
-286.282299
-286.268372
-286.254079
-286.239049
-286.223652
-286.207467
-286.190966
-286.173834
-286.156125
-286.137837
-286.119076
-286.09979
-286.07982
-286.05944
-286.03841
-286.01692
-285.99485
-285.97214
-285.94908
-285.92527
-285.90104
-285.87625
-285.8508
-285.82496
-285.79852
-285.7715
-285.74392
-285.71586
-285.68727
-285.658
-285.62836
-285.59805
-285.56724
-285.53587
-285.50403
-285.4715
-285.4386
-285.40508
-285.37097
-285.33634
-285.30123
-285.2655
-285.22935
-285.19251
-285.1552
-285.11736
-285.07895
-285.04011
-285.00054
-284.96056
-284.92003
-284.87894
-284.83738
-284.79512
-284.7525
-284.70931
-284.66543
-284.62124
-284.57635
-284.53106
-284.48508
-284.43867
-284.39175
-284.34419
-284.29621
-284.24765
-284.19852
-284.14891
-284.09883
-284.04802
-283.99693
-283.94512
-283.89294
-283.84002
-283.78679
-283.73292
-283.67854
-283.62367
-283.56823
-283.51226
-283.45577
-283.39886
-283.34122
-283.2833
-283.22471
-283.16559
-283.10594
-283.04593
-282.98519
-282.92406
-282.86238
-282.8002
-282.73741
-282.6743
-282.61039
-282.54629
-282.48138
-282.41612
-282.35037
-282.28396
-282.21716
-282.14984
-282.08195
-282.01358
-281.94474
-281.87527
-281.80548
-281.73496
-281.66412
-281.5927
-281.52076
-281.4483
-281.37541
-281.30194
-281.22801
-281.15354
-281.07866
-281.00314
-280.92715
-280.8508
-280.77381
-280.69636
-280.61842
-280.53991
-280.46108
-280.38158
-280.30165
-280.22119
-280.14037
-280.05887
-279.97699
-279.89464
-279.81167
-279.72838
-279.64445
-279.56011
-279.47524
-279.39
-279.30414
-279.2178
-279.13109
-279.04375
-278.95609
-278.86776
-278.77911
-278.68987
-278.60023
-278.5101
-278.4194
-278.32832
-278.23679
-278.14467
-278.05217
-277.95911
-277.86568
-277.77172
-277.67723
-277.58243
-277.48699
-277.39125
-277.29483
-277.19812
-277.10086
-277.00322
-276.90495
-276.80642
-276.70731
-276.60767
-276.50778
-276.40719
-276.30635
-276.20487
-276.10309
-276.00071
-275.89804
-275.79477
-275.69109
-275.58693
-275.48242
-275.37741
-275.27184
-275.16596
-275.05959
-274.95276
-274.8455
-274.73777
-274.62963
-274.521
-274.41196
-274.3025
-274.19251
-274.08221
-273.97133
-273.86018
-273.74841
-273.63632
-273.52375
-273.41077
-273.29737
-273.18349
-273.06925
-272.95448
-272.83934
-272.72383
-272.60775
-272.49141
-272.37442
-272.25735
-272.13947
-272.02139
-271.90295
-271.78386
-271.66453
-271.54476
-271.42447
-271.30393
-271.18284
-271.06136
-270.93953
-270.81715
-270.69455
-270.57143
-270.44787
-270.32402
-270.19958
-270.07493
-269.94975
-269.82421
-269.69825
-269.57197
-269.44511
-269.31804
-269.19046
-269.06254
-268.93422
-268.80542
-268.6763
-268.54681
-268.41686
-268.28659
-268.15584
-268.02484
-267.8933
-267.76145
-267.62923
-267.4966
-267.36354
-267.23017
-267.09642
-266.96227
-266.82768
-266.69279
-266.55752
-266.42184
-266.28578
-266.14942
-266.01263
-265.87542
-265.73789
-265.60006
-265.46179
-265.32307
-265.18417
-265.04481
-264.90502
-264.76492
-264.62457
-264.48373
-264.34247
-264.20106
-264.05917
-263.91687
-263.7743
-263.63136
-263.48811
-263.34438
-263.20045
-263.05609
-262.91137
-262.76633
-262.62103
-262.47515
-262.32921
-262.18276
-262.03599
-261.88884
-261.74149
-261.59372
-261.44559
-261.29712
-261.14841
-260.99922
-260.84987
-260.7
-260.55002
-260.39951
-260.2488
-260.09767
-259.94632
-259.79455
-259.64253
-259.49013
-259.33747
-259.18445
-259.0311
-258.87755
-258.72348
-258.56923
-258.41469
-258.25977
-258.10454
-257.94909
-257.79317
-257.63715
-257.48061
-257.3239
-257.16688
-257.00954
-256.85184
-256.69393
-256.53564
-256.37716
-256.21829
-256.05912
-255.89973
-255.73998
-255.57996
-255.41969
-255.25909
-255.09818
-254.93701
-254.77552
-254.61388
-254.45176
-254.28949
-254.12694
-253.96399
-253.80093
-253.63738
-253.47382
-253.3098
-253.1455
-252.9811
-252.8161
-252.6512
-252.4858
-252.3202
-252.1544
-251.9882
-251.8219
-251.6551
-251.4883
-251.321
-251.1536
-250.9859
-250.8179
-250.6497
-250.4813
-250.3125
-250.1435
-249.9744
-249.8048
-249.6351
-249.4651
-249.295
-249.1244
-248.9537
-248.7828
-248.6115
-248.4401
-248.2685
-248.0965
-247.9244
-247.752
-247.5793
-247.4065
-247.2334
-247.0601
-246.8865
-246.7128
-246.5387
-246.3645
-246.19
-246.0153
-245.8405
-245.6653
-245.4899
-245.3143
-245.1386
-244.9626
-244.7863
-244.61
-244.4332
-244.2564
-244.0792
-243.9021
-243.7245
-243.5468
-243.3689
-243.1908
-243.0125
-242.8338
-242.6553
-242.4763
-242.2971
-242.1178
-241.9383
-241.7586
-241.5786
-241.3986
-241.2182
-241.0377
-240.8572
-240.6761
-240.4952
-240.3138
-240.1325
-239.9508
-239.769
-239.5871
-239.4048
-239.2225
-239.04
-238.8573
-238.6744
-238.4913
-238.3081
-238.1248
-237.9411
-237.7573
-237.5735
-237.3894
-237.2051
-237.0207
-236.8361
-236.6513
-236.4664
-236.2814
-236.0961
-235.9107
-235.7252
-235.5395
-235.3536
-235.1675
-234.9814
-234.795
-234.6086
-234.4219
-234.2351
-234.0483
-233.861
-233.674
-233.4864
-233.2991
-233.1112
-232.9237
-232.7355
-232.5475
-232.3593
-232.1709
-231.9824
-231.7938
-231.605
-231.4162
-231.2271
-231.0379
-230.8486
-230.6593
-230.4696
-230.28
-230.0902
-229.9002
-229.7103
-229.52
-229.3298
-229.1393
-228.9487
-228.7582
-228.5674
-228.3765
-228.1854
-227.9944
-227.8032
-227.6118
-227.4204
-227.2287
-227.0372
-226.8453
-226.6535
-226.4615
-226.2694
-226.0772
-225.8849
-225.6925
-225.5
-225.3074
-225.1147
-224.9219
-224.729
-224.5361
-224.343
-224.1497
-223.9565
-223.7632
-223.5697
-223.3762
-223.1826
-222.9888
-222.7951
-222.6011
-222.4073
-222.2131
-222.019
-221.8249
-221.6305
-221.4362
-221.2417
-221.0472
-220.8525
-220.658
-220.4632
-220.2683
-220.0734
-219.8785
-219.6835
-219.4883
-219.2932
490334613.1
-490190132.2
