-127.3757
-127.1678
-126.9601
-126.7527
-126.5459
-126.3391
-126.1328
-125.9269
-125.7212
-125.516
-125.311
-125.1065
-124.9022
-124.6982
-124.4947
-124.2914
-124.0886
-123.8859
-123.6838
-123.4818
-123.2804
-123.079
-122.8782
-122.6777
-122.4775
-122.2774
-122.0781
-121.8788
-121.68
-121.4814
-121.2831
-121.0853
-120.8878
-120.6906
-120.4936
-120.2971
-120.1009
-119.905
-119.7095
-119.5142
-119.3192
-119.1248
-118.9304
-118.7366
-118.5429
-118.3497
-118.1568
-117.9641
-117.7718
-117.5799
-117.3882
-117.197
-117.0058
-116.8153
-116.6249
-116.4348
-116.2453
-116.0556
-115.8668
-115.678
-115.4896
-115.3014
-115.1137
-114.9262
-114.7391
-114.5522
-114.3659
-114.1795
-113.9937
-113.8081
-113.6229
-113.438
-113.2533
-113.0692
-112.8851
-112.7013
-112.5181
-112.3351
-112.1523
-111.9699
-111.7878
-111.606
-111.4245
-111.2434
-111.0625
-110.8819
-110.7018
-110.5218
-110.3422
-110.1628
-109.9838
-109.8053
-109.6267
-109.4487
-109.2708
-109.0935
-108.9163
-108.7393
-108.5628
-108.3867
-108.2106
-108.0349
-107.8597
-107.6845
-107.5099
-107.3354
-107.1612
-106.9874
-106.8139
-106.6406
-106.4677
-106.295
-106.1227
-105.9506
-105.7789
-105.6075
-105.4362
-105.2655
-105.0947
-104.9247
-104.7545
-104.5849
-104.4155
-104.2464
-104.0778
-103.909
-103.7408
-103.5731
-103.4053
-103.2379
-103.0709
-102.9042
-102.7376
-102.5716
-102.4056
-102.24
-102.0746
-101.9096
-101.7449
-101.5804
-101.4162
-101.2524
-101.0887
-100.9254
-100.7624
-100.5996
-100.4372
-100.275
-100.113
-99.9515
-99.79
-99.629
-99.4684
-99.3077
-99.1475
-98.9876
-98.8279
-98.6686
-98.5094
-98.3507
-98.192
-98.0338
-97.8758
-97.7181
-97.5607
-97.4034
-97.2466
-97.09
-96.9338
-96.7773
-96.6217
-96.4662
-96.3111
-96.1556
-96.0016
-95.8466
-95.6926
-95.5392
-95.3847
-95.2317
-95.0783
-94.9264
-94.773
-94.6206
-94.4693
-94.3173
-94.1656
-94.0141
-93.8639
-93.7125
-93.5628
-93.4119
-93.2622
-93.1124
-92.9636
-92.8139
-92.6652
-92.517
-92.3678
-92.2206
-92.0724
-91.9253
-91.7771
-91.6305
-91.4844
-91.3367
-91.1912
-91.045
-90.899
-90.7539
-90.6084
-90.4633
-90.3194
-90.1738
-90.0303
-89.8863
-89.7424
-89.5988
-89.456
-89.3125
-89.17
-89.0277
-88.8858
-88.7433
-88.6015
-88.4606
-88.3193
-88.1779
-88.0371
-87.8973
-87.757
-87.6167
-87.4774
-87.3371
-87.1989
-87.0592
-86.9209
-86.7816
-86.6445
-86.5058
-86.3681
-86.2309
-86.0932
-85.9561
-85.82
-85.6829
-85.5467
-85.4106
-85.275
-85.139
-85.0038
-84.8689
-84.7337
-84.5993
-84.4647
-84.3307
-84.1972
-84.0622
-83.9303
-83.7962
-83.6633
-83.5304
-83.3985
-83.2655
-83.1341
-83.0017
-82.8704
-82.7395
-82.6075
-82.4773
-82.3464
-82.2155
-82.0858
-81.9565
-81.8251
-81.6974
-81.5666
-81.4388
-81.3091
-81.1808
-81.0521
-80.9244
-80.7967
-80.6685
-80.5413
-80.4141
-80.2864
-80.1603
-80.0337
-79.9076
-79.7809
-79.6553
-79.5291
-79.4047
-79.2785
-79.154
-79.0289
-78.9043
-78.7804
-78.6558
-78.5323
-78.4082
-78.2854
-78.1612
-78.0384
-77.9159
-77.7934
-77.671
-77.548
-77.4272
-77.3047
-77.1834
-77.0619
-76.9411
-76.8197
-76.6998
-76.579
-76.4587
-76.3383
-76.2191
-76.0992
-75.9799
-75.8607
-75.7413
-75.6231
-75.5038
-75.3867
-75.2673
-75.1502
-75.0319
-74.9147
-74.7976
-74.6798
-74.5637
-74.446
-74.3309
-74.2132
-74.0981
-73.982
-73.8663
-73.7502
-73.6362
-73.5201
-73.4055
-73.2909
-73.1769
-73.0618
-72.9488
-72.8338
-72.7207
-72.6078
-72.4932
-72.3818
-72.2673
-72.1563
-72.0424
-71.9309
-71.819
-71.7065
-71.5957
-71.4832
-71.3728
-71.2614
-71.1506
-71.0397
-70.9293
-70.8189
-70.7097
-70.5982
-70.49
-70.3797
-70.2703
-70.1616
-70.0522
-69.944
-69.8352
-69.7265
-69.6187
-69.511
-69.4022
-69.296
-69.1873
-69.0806
-68.9739
-68.8662
-68.76
-68.6539
-68.5472
-68.4411
-68.3354
-68.2298
-68.1237
-68.0185
-67.9135
-67.8088
-67.7033
-67.5992
-67.4946
-67.3901
-67.2865
-67.1825
-67.0789
-66.9749
-66.8714
-66.7694
-66.6654
-66.5629
-66.4604
-66.3575
-66.256
-66.1535
-66.0516
-65.9497
-65.8482
-65.7473
-65.6459
-65.5445
-65.4441
-65.3432
-65.2429
-65.143
-65.0415
-64.9433
-64.8419
-64.7436
-64.6433
-64.5444
-64.4457
-64.3463
-64.247
-64.1498
-64.0505
-63.9527
-63.854
-63.7567
-63.6589
-63.5618
-63.4635
-63.3668
-63.2701
-63.1729
-63.0756
-62.9801
-62.8838
-62.7867
-62.6915
-62.5953
-62.4992
-62.4046
-62.309
-62.2133
-62.1187
-62.0241
-61.9285
-61.8355
-61.7398
-61.6458
-61.5528
-61.4576
-61.3652
-61.2705
-61.1776
-61.0845
-60.9915
-60.899
-60.805
-60.7141
-60.6205
-60.5285
-60.4366
-60.3446
-60.2532
-60.1612
-60.0698
-59.9789
-59.8869
-59.7971
-59.7056
-59.6152
-59.5248
-59.434
-59.3445
-59.2537
-59.1649
-59.0739
-58.9852
-58.8958
-58.8065
-58.7176
-58.6278
-58.5401
-58.4512
-58.3624
-58.2742
-58.1858
-58.0987
-58.0103
-57.9221
-57.8358
-57.7471
-57.6603
-57.5737
-57.4864
-57.3992
-57.3135
-57.2257
-57.1407
-57.0539
-56.9677
-56.8826
-56.7959
-56.7103
-56.6256
-56.54
-56.4548
-56.3697
-56.2852
-56.1999
-56.1159
-56.0308
-55.9477
-55.8621
-55.779
-55.6955
-55.6109
-55.5279
-55.4448
-55.3608
-55.2782
-55.1947
-55.1127
-55.0292
-54.9471
-54.8642
-54.7827
-54.7002
-54.6182
-54.5367
-54.4543
-54.3733
-54.2919
-54.2104
-54.129
-54.0491
-53.9666
-53.8877
-53.8053
-53.7264
-53.6455
-53.5646
-53.4863
-53.4048
-53.3255
-53.2461
-53.1668
-53.0874
-53.0075
-52.9293
-52.8498
-52.7711
-52.6928
-52.6144
-52.5352
-52.4573
-52.3796
-52.3007
-52.224
-52.1457
-52.0675
-51.9912
-51.9134
-51.8357
-51.7595
-51.6817
-51.6055
-51.5287
-51.4526
-51.3753
-51.2992
-51.224
-51.1467
-51.0721
-50.9954
-50.9197
-50.8451
-50.7689
-50.6938
-50.6191
-50.544
-50.4688
-50.3942
-50.3201
-50.245
-50.1709
-50.0962
-50.0232
652590386.5
-652282704.8
