-176.9082
-177.0983
-177.2865
-177.4768
-177.6649
-177.855
-178.0449
-178.2339
-178.4232
-178.6139
-178.8031
-178.9934
-179.183
-179.3738
-179.5635
-179.7538
-179.9445
-180.1352
-180.325
-180.5157
-180.707
-180.8978
-181.088
-181.2798
-181.4706
-181.6618
-181.8526
-182.0439
-182.2357
-182.4275
-182.6183
-182.81
-183.0025
-183.1931
-183.386
-183.5774
-183.7696
-183.962
-184.1532
-184.3461
-184.539
-184.7303
-184.9231
-185.116
-185.3088
-185.5007
-185.6935
-185.8874
-186.0792
-186.2727
-186.4654
-186.6589
-186.8517
-187.0451
-187.2385
-187.4319
-187.6252
-187.8187
-188.012
-188.2065
-188.3998
-188.5933
-188.7871
-188.9811
-189.1755
-189.3689
-189.5633
-189.7572
-189.9517
-190.1461
-190.34
-190.5339
-190.7294
-190.9233
-191.1178
-191.3127
-191.5072
-191.7021
-191.8965
-192.091
-192.287
-192.4804
-192.677
-192.8708
-193.0663
-193.2613
-193.4568
-193.6517
-193.8472
-194.0417
-194.2382
-194.4332
-194.6281
-194.8241
-195.0191
-195.2156
-195.4106
-195.6066
-195.8016
-195.9981
-196.1931
-196.3901
-196.5846
-196.7816
-196.9766
-197.1737
-197.3686
-197.5652
-197.7606
-197.9577
-198.1532
-198.3498
-198.5457
-198.7418
-198.9383
-199.1343
-199.3314
-199.5268
-199.7234
-199.9205
-200.116
-200.313
-200.5095
-200.7056
-200.9026
-201.0987
-201.2957
-201.4922
-201.6883
-201.8859
-202.0818
-202.2784
-202.4755
-202.672
-202.8691
-203.0656
-203.2621
-203.4592
-203.6558
-203.8523
-204.0498
-204.2464
-204.4425
-204.6405
-204.8366
-205.0336
-205.2307
-205.4272
-205.6243
-205.8213
-206.0179
-206.2144
-206.4125
-206.6081
-206.8061
-207.0022
-207.1992
-207.3963
-207.5933
-207.7904
-207.9864
-208.1841
-208.3804
-208.5777
-208.7745
-208.9712
-209.1682
-209.3649
-209.5619
-209.7586
-209.9555
-210.1522
-210.349
-210.5459
-210.7425
-210.9393
-211.136
-211.3327
-211.5295
-211.7261
-211.9227
-212.1194
-212.316
-212.5126
-212.7091
-212.9057
-213.1023
-213.2987
-213.4951
-213.6917
-213.888
-214.0845
-214.2807
-214.4771
-214.6734
-214.8697
-215.0659
-215.2621
-215.4582
-215.6544
-215.8504
-216.0465
-216.2425
-216.4386
-216.6344
-216.8303
-217.0262
-217.222
-217.4177
-217.6135
-217.8092
-218.0048
-218.2004
-218.3959
-218.5914
-218.7868
-218.9823
-219.1775
-219.3728
-219.5681
-219.7633
-219.9583
-220.1535
-220.3485
-220.5433
-220.7384
-220.9331
-221.1279
-221.3227
-221.5172
-221.7119
-221.9063
-222.1009
-222.2952
-222.4895
-222.6838
-222.878
-223.0721
-223.2662
-223.4601
-223.654
-223.8478
-224.0417
-224.2353
-224.4289
-224.6224
-224.8158
-225.0092
-225.2025
-225.3958
-225.5888
-225.7819
-225.9748
-226.1677
-226.3604
-226.5532
-226.7458
-226.9383
-227.1308
-227.3231
-227.5152
-227.7076
-227.8994
-228.0916
-228.2833
-228.4751
-228.6669
-228.8583
-229.0499
-229.2412
-229.4326
-229.6236
-229.8148
-230.0057
-230.1965
-230.3874
-230.5778
-230.7686
-230.9588
-231.1492
-231.3395
-231.5294
-231.7195
-231.9093
-232.099
-232.2887
-232.4782
-232.6675
-232.8569
-233.0459
-233.235
-233.4239
-233.6127
-233.8012
-233.9899
-234.1782
-234.3665
-234.5546
-234.7426
-234.9305
-235.1183
-235.3058
-235.4934
-235.6806
-235.8678
-236.055
-236.2418
-236.4286
-236.6153
-236.8017
-236.9882
-237.1743
-237.3604
-237.5464
-237.732
-237.9178
-238.1031
-238.2886
-238.4737
-238.6586
-238.8436
-239.0283
-239.2128
-239.3972
-239.5815
-239.7656
-239.9495
-240.1332
-240.3168
-240.5003
-240.6834
-240.8667
-241.0496
-241.2323
-241.4148
-241.5975
-241.7795
-241.9617
-242.1436
-242.3253
-242.5069
-242.6883
-242.8694
-243.0505
-243.2313
-243.4121
-243.5925
-243.7728
-243.9528
-244.1329
-244.3126
-244.4921
-244.6715
-244.8507
-245.0296
-245.2085
-245.387
-245.5655
-245.7436
-245.9217
-246.0995
-246.2771
-246.4545
-246.6317
-246.8087
-246.9856
-247.1622
-247.3385
-247.5147
-247.6908
-247.8665
-248.0421
-248.2174
-248.3926
-248.5674
-248.7423
-248.9166
-249.091
-249.2651
-249.4389
-249.6125
-249.7859
-249.9591
-250.132
-250.3048
-250.4773
-250.6495
-250.8217
-250.9934
-251.165
-251.3364
-251.5075
-251.6785
-251.849
-252.0194
-252.1898
-252.3595
-252.5294
-252.6987
-252.868
-253.0371
-253.2057
-253.3742
-253.5425
-253.7105
-253.8781
-254.0458
-254.2129
-254.38
-254.5467
-254.7132
-254.8794
-255.0454
-255.2111
-255.3766
-255.5419
-255.7067
-255.8714
-256.0358
-256.2
-256.3638
-256.5276
-256.6908
-256.8539
-257.0167
-257.1793
-257.3415
-257.5035
-257.6653
-257.8267
-257.9878
-258.1488
-258.3094
-258.4696
-258.62977
-258.78953
-258.94896
-259.10815
-259.2671
-259.42576
-259.58398
-259.74211
-259.89987
-260.05731
-260.21448
-260.37135
-260.52795
-260.68423
-260.8402
-260.99591
-261.1513
-261.30637
-261.46114
-261.61569
-261.76981
-261.92369
-262.07729
-262.23058
-262.3835
-262.53605
-262.68856
-262.84042
-262.99225
-263.14353
-263.29473
-263.44538
-263.59589
-263.74603
-263.89574
-264.0453
-264.19449
-264.34326
-264.49182
-264.64002
-264.78783
-264.9354
-265.08259
-265.22953
-265.37598
-265.52228
-265.66811
-265.81367
-265.95892
-266.10375
-266.24832
-266.39246
-266.5364
-266.67991
-266.82301
-266.96594
-267.10836
-267.25055
-267.39234
-267.53375
-267.67495
-267.81563
-267.95605
-268.09614
-268.23578
-268.37518
-268.51413
-268.65276
-268.79112
-268.92891
-269.06659
-269.20375
-269.34059
-269.47707
-269.61316
-269.74896
-269.88428
-270.01938
-270.15396
-270.28823
-270.42224
-270.55571
-270.68887
-270.82172
-270.95405
-271.0862
-271.2178
-271.34917
-271.48002
-271.61055
-271.74077
-271.87053
-271.99984
-272.12897
-272.2575
-272.38578
-272.51368
-272.64107
-272.76818
-272.89489
-273.02116
-273.14708
-273.27261
-273.39769
-273.52244
-273.64673
-273.77079
-273.89418
-274.01742
-274.14006
-274.26251
-274.38437
-274.50598
-274.62705
-274.74776
-274.86809
-274.98808
-275.10751
-275.2266
-275.34536
-275.4636
-275.58147
-275.69887
-275.81605
-275.93251
-276.04885
-276.16462
-276.27997
-276.39495
-276.50945
-276.62365
-276.73732
-276.85056
-276.96349
-277.07584
-277.18794
-277.29944
-277.41065
-277.52136
-277.63167
-277.7415
-277.85101
-277.96001
-278.06852
-278.17677
-278.28435
-278.39175
-278.49854
-278.60491
-278.71094
-278.81647
-278.92147
-279.02625
-279.13035
-279.23419
-279.33746
-279.44034
-279.54282
-279.64483
-279.74629
-279.84746
-279.94803
476754448.1
-476810729.5
