-289.889
-290.3862
-290.8838
-291.3815
-291.8797
-292.3782
-292.8771
-293.3763
-293.8757
-294.3756
-294.8757
-295.3762
-295.8769
-296.378
-296.8794
-297.3811
-297.883
-298.3853
-298.8879
-299.3907
-299.8938
-300.3973
-300.9009
-301.4048
-301.909
-302.4136
-302.9182
-303.4233
-303.9283
-304.434
-304.9395
-305.4457
-305.9517
-306.4581
-306.9648
-307.4716
-307.9787
-308.486
-308.9934
-309.5012
-310.009
-310.5171
-311.0253
-311.5338
-312.0425
-312.5512
-313.0602
-313.5693
-314.0786
-314.5882
-315.0977
-315.6075
-316.1174
-316.6273
-317.1377
-317.6478
-318.1583
-318.6689
-319.1794
-319.6903
-320.2012
-320.7121
-321.2232
-321.7343
-322.2456
-322.7569
-323.2683
-323.7798
-324.2912
-324.8029
-325.3145
-325.8261
-326.338
-326.8497
-327.3614
-327.8734
-328.3852
-328.897
-329.409
-329.9208
-330.4327
-330.9445
-331.4565
-331.9683
-332.4802
-332.9919
-333.5038
-334.0155
-334.5272
-335.0387
-335.5505
-336.0619
-336.5735
-337.0848
-337.5961
-338.1074
-338.6184
-339.1297
-339.6404
-340.1514
-340.662
-341.1727
-341.6833
-342.1934
-342.7037
-343.2139
-343.7237
-344.2336
-344.7431
-345.2525
-345.7619
-346.2709
-346.7799
-347.2885
-347.7971
-348.3053
-348.8135
-349.3214
-349.8289
-350.3365
-350.8436
-351.3506
-351.8574
-352.3637
-352.8699
-353.3758
-353.8815
-354.3869
-354.8919
-355.3967
-355.9012
-356.4053
-356.9092
-357.4127
-357.916
-358.4188
-358.9213
-359.4235
-359.9253
-360.4269
-360.9279
-361.4286
-361.9289
-362.429
-362.9285
-363.4276
-363.9263
-364.4247
-364.9226
-365.4201
-365.9171
-366.4136
-366.9098
-367.4055
-367.9007
-368.3954
-368.8897
-369.3835
-369.8766
-370.3696
-370.8617
-371.3535
-371.8447
-372.3355
-372.8255
-373.3151
-373.8043
-374.2927
-374.7807
-375.2679
-375.7548
-376.241
-376.7265
-377.2115
-377.6959
-378.1796
-378.6627
-379.1453
-379.627
-380.1083
-380.5887
-381.0687
-381.5479
-382.0264
-382.5042
-382.9814
-383.4577
-383.9337
-384.4084
-384.8829
-385.3563
-385.8292
-386.3013
-386.7725
-387.2431
-387.7128
-388.1818
-388.6501
-389.1174
-389.5841
-390.0498
-390.5149
-390.979
-391.4422
-391.9048
-392.3663
-392.8272
-393.2871
-393.746
-394.2043
-394.6615
-395.1179
-395.5733
-396.0279
-396.4815
-396.9342
-397.386
-397.8367
-398.2866
-398.7356
-399.1835
-399.6305
-400.0764
-400.5214
-400.9655
-401.4083
-401.8503
-402.2914
-402.7312
-403.1701
-403.6078
-404.0447
-404.4804
-404.915
-405.3486
-405.7811
-406.2123
-406.6427
-407.0719
-407.4998
-407.9268
-408.3526
-408.77719
-409.20068
-409.62303
-410.04416
-410.46415
-410.88292
-411.30059
-411.717
-412.13209
-412.54619
-412.95898
-413.37044
-413.78076
-414.18976
-414.59765
-415.00418
-415.40935
-415.8134
-416.21615
-416.61743
-417.01765
-417.4164
-417.81384
-418.21001
-418.60488
-418.99833
-419.39045
-419.78122
-420.17062
-420.55865
-420.94531
-421.33056
-421.7145
-422.0969
-422.478
-422.85757
-423.23588
-423.61256
-423.98793
-424.36182
-424.73425
-425.10515
-425.47473
-425.84269
-426.20918
-426.57425
-426.93774
-427.2998
-427.66026
-428.01917
-428.37672
-428.73249
-429.08689
-429.43966
-429.7909
-430.14053
-430.48867
-430.83508
-431.17997
-431.52328
-431.86501
-432.20502
-432.54355
-432.88028
-433.21551
-433.5491
-433.88085
-434.21123
-434.53967
-434.86664
-435.19182
-435.51537
-435.83719
-436.15728
-436.47573
-436.79251
-437.10738
-437.4207
-437.73221
-438.04199
-438.35004
-438.65626
-438.96079
-439.26358
-439.56448
-439.8637
-440.16104
-440.45668
-440.75044
-441.04247
-441.33259
-441.62093
-441.9075
-442.1921
-442.47499
-442.75597
-443.03507
-443.31237
-443.58774
-443.86126
-444.13295
-444.40275
-444.67053
-444.9365
-445.20061
-445.46279
-445.72302
-445.98125
-446.23775
-446.49214
-446.74465
-446.99521
-447.24388
-447.49044
-447.73522
-447.97795
-448.21859
-448.45747
-448.69422
-448.92895
-449.16181
-449.39261
-449.62131
-449.84816
-450.07282
-450.29564
-450.51629
-450.73501
-450.95151
-451.16618
-451.37865
-451.58921
-451.79758
-452.00389
-452.2082
-452.41036
-452.61059
-452.80854
-453.00455
-453.1983
-453.39022
-453.57972
-453.76742
-453.95272
-454.13612
-454.31731
-454.49641
-454.67329
-454.84817
-455.02081
-455.19138
-455.3597
-455.52602
-455.69009
-455.85194
-456.0118
-456.16929
-456.32484
-456.47803
-456.62916
-456.77798
-456.9247
-457.06932
-457.21153
-457.35178
-457.48962
-457.62546
-457.75889
-457.89031
-458.01938
-458.14624
-458.27099
-458.39338
-458.51372
-458.63159
-458.74752
-458.86097
-458.97228
-459.08142
-459.18815
-459.29289
-459.3951
-459.49525
-459.59305
-459.6887
-459.78202
-459.8731
-459.9619
-460.04845
-460.13275
-460.21483
-460.29449
-460.37201
-460.44721
-460.52014
-460.59088
-460.6592
-460.72525
-460.7892
-460.85063
-460.90992
-460.96687
-461.02158
-461.07398
-461.124054
-461.171875
-461.217385
-461.260633
-461.301517
-461.340194
-461.376507
-461.410612
-461.442247
-461.471781
-461.498844
-461.523752
-461.546245
-461.566581
-461.584396
-461.600056
-461.613456
-461.624387
-461.633215
-461.6395737
-461.6436726
-461.6455646
-461.6449864
-461.6422017
-461.637156
-461.629694
-461.620025
-461.607991
-461.593698
-461.577038
-461.558121
-461.536943
-461.513401
-461.487598
-461.459378
-461.429057
-461.396318
-461.361215
-461.324009
-461.284281
-461.24245
-461.198256
-461.151697
-461.102928
-461.05185
-460.99846
-460.94286
-460.8849
-460.82462
-460.76209
-460.6974
-460.63024
-460.56092
-460.48925
-460.41536
-460.33922
-460.2607
-460.17999
-460.09701
-460.01177
-459.92423
-459.83442
-459.74245
-459.64807
-459.55154
-459.45274
-459.35169
-459.24843
-459.14275
-459.03512
-458.92498
-458.81274
-458.69827
-458.58146
-458.46259
-458.34131
-458.21802
-458.09226
-457.96452
-457.8344
-457.70214
-457.56771
-457.43097
-457.29208
-457.15104
-457.00779
-456.86227
-456.71466
-456.56484
-456.41281
-456.25862
-456.1023
-455.94369
-455.7831
-455.62019
-455.45524
-455.28802
-455.11876
-454.94723
-454.77377
-454.59793
-454.4201
-454.24017
-454.05803
-453.87373
-453.6875
-453.499
-453.3084
-453.1158
-452.92105
-452.72419
-452.52524
-452.32424
-452.12113
-451.91602
-451.70871
-451.49951
-451.28805
-451.07475
-450.85923
-450.64178
-450.42218
-450.20067
-449.97708
-449.75147
-449.52383
-449.29418
-449.06254
-448.82885
-448.59332
-448.35558
-448.11605
-447.87438
-447.63086
-447.38529
-447.13788
-446.88832
-446.63703
-446.38357
-446.12839
-445.87116
-445.61198
-445.35096
-445.08794
-444.8231
-444.55634
-444.28761
-444.01707
-443.7446
-443.47024
281911609.3
-281853222.9
