-58.17744662
-58.27991985
-58.38186758
-58.48486633
-58.58681381
-58.69086358
-58.79281143
-58.89633556
-59.00091058
-59.10338406
-59.20795897
-59.31200897
-59.41605836
-59.52168489
-59.62573441
-59.73083506
-59.83646147
-59.94103649
-60.04771391
-60.15333989
-60.25949174
-60.36564347
-60.47284615
-60.57847231
-60.68620069
-60.79392876
-60.90060611
-61.00833418
-61.11658807
-61.22431619
-61.33309552
-61.44134916
-61.55065394
-61.65890763
-61.76873792
-61.87804269
-61.98787285
-62.09717756
-62.20805892
-62.31841465
-62.42877032
-62.53965162
-62.65053285
-62.7624651
-62.87334634
-62.98580416
-63.09668534
-63.21019417
-63.32212636
-63.43458418
-63.54756739
-63.66107616
-63.77405949
-63.88861915
-64.00107704
-64.11668772
-64.22967098
-64.34528185
-64.45984152
-64.57492687
-64.69001211
-64.80562297
-64.92123359
-65.03789548
-65.15403179
-65.27016804
-65.3868298
-65.50401718
-65.62172983
-65.73891722
-65.85663
-65.97434283
-66.09310656
-66.2113449
-66.32958318
-66.44939798
-66.56816183
-66.68797657
-66.80779144
-66.92655517
-67.04847212
-67.1677613
-67.28915268
-67.41001844
-67.53088432
-67.65280115
-67.77471793
-67.89610925
-68.01855159
-68.14151938
-68.26343627
-68.38745508
-68.51042293
-68.63391622
-68.75740958
-68.88195389
-69.00597275
-69.13051712
-69.25558694
-69.38118227
-69.50520113
-69.63237298
-69.75749541
-69.88372128
-70.01015748
-70.13701408
-70.26392312
-70.39114758
-70.51868722
-70.64638463
-70.7745024
-70.90283036
-71.03142108
-71.16027455
-71.28939071
-71.41882237
-71.54846392
-71.67842114
-71.8086933
-71.93912335
-72.06997375
-72.20098181
-72.33235759
-72.46389121
-72.59579257
-72.72800929
-72.86043615
-72.99312583
-73.12613075
-73.25939842
-73.39308663
-73.5268272
-73.66098823
-73.79541215
-73.93004602
-74.06515309
-74.20036508
-74.3358925
-74.47178771
-74.60789307
-74.74436646
-74.8809972
-75.01810126
-75.15525757
-75.29293957
-75.43083165
-75.56893399
-75.70740425
-75.84618957
-75.98523795
-76.12460151
-76.26417509
-76.40411684
-76.54442625
-76.68489325
-76.82578091
-76.96682597
-77.10834406
-77.2499673
-77.39211599
-77.53436984
-77.67704404
-77.81998093
-77.96318076
-78.10680081
-78.25052602
-78.39482936
-78.53929022
-78.68396135
-78.82910549
-78.97445978
-79.12023435
-79.26616676
-79.41251951
-79.55913501
-79.70611825
-79.85331193
-80.00097833
-80.1488025
-80.29699453
-80.4455018
-80.59442948
-80.74351493
-80.8929155
-81.04278915
-81.1929255
-81.34332466
-81.494039
-81.64517387
-81.79646633
-81.94833685
-82.10020743
-82.25270843
-82.40531479
-82.55834136
-82.71173585
-82.86534055
-83.0194182
-83.17370605
-83.32830909
-83.48338532
-83.63861903
-83.79437824
-83.95029517
-84.10663244
-84.26328508
-84.42025302
-84.57758876
-84.7352398
-84.8932587
-85.05159296
-85.21024253
-85.36925976
-85.52859261
-85.68834556
-85.84836139
-86.00869258
-86.16949666
-86.33051095
-86.49184049
-86.6537482
-86.81581344
-86.9782466
-87.140995
-87.304164
-87.46775309
-87.63144753
-87.79577252
-87.96025503
-88.12515814
-88.29042892
-88.45606767
-88.62196918
-88.78834359
-88.95498075
-89.12203825
-89.2894113
-89.45720446
-89.62526048
-89.79373698
-89.96263376
-90.13174093
-90.3013733
-90.47126872
-90.64147927
-90.81226794
-90.9832142
-91.15458099
-91.32631545
-91.4984705
-91.67099328
-91.84377882
-92.01708992
-92.19055868
-92.36465792
-92.53896749
-92.71369741
-92.88879524
-93.0642608
-93.24009434
-93.41634816
-93.59291742
-93.76995956
-93.94726446
-94.12498971
-94.30324052
-94.4815965
-94.6605829
-94.83983224
-95.01944938
-95.19964445
-95.37989219
-95.56082309
-95.74196414
-95.9235782
-96.10566516
-96.28796232
-96.4707325
-96.65387047
-96.83748134
-97.0214077
-97.20575422
-97.39052139
-97.57560362
-97.7611065
-97.94718719
-98.13337317
-98.32024219
-98.50721643
-98.69487364
-98.88279373
-99.07113429
-99.25978991
-99.4490239
-99.63862549
-99.82854245
-100.0188799
-100.2097428
-100.4008158
-100.5925195
-100.7845386
-100.9769254
-101.1697326
-101.3630129
-101.5567135
-101.7507819
-101.9452182
-102.1402326
-102.3355097
-102.5312598
-102.7274302
-102.9240737
-103.121085
-103.3185166
-103.5163687
-103.7146412
-103.9133867
-104.1125525
-104.3120336
-104.5120403
-104.712625
-104.9132623
-105.1147403
-105.316271
-105.5185898
-105.7210664
-105.9241208
-106.1275959
-106.3313861
-106.535807
-106.7406483
-106.9456998
-107.1514344
-107.3574318
-107.5640072
-107.7710556
-107.9783143
-108.1863085
-108.3945131
-108.6032955
-108.8125512
-109.0220693
-109.2323234
-109.4426824
-109.6537772
-109.8652399
-110.0770178
-110.2895314
-110.5022552
-110.7155046
-110.9292794
-111.1433695
-111.3580378
-111.5731264
-111.7886879
-112.004775
-112.2210722
-112.4381577
-112.6554534
-112.8733798
-113.0917791
-113.3103885
-113.5298389
-113.7494467
-113.9696853
-114.1903968
-114.4115286
-114.6331336
-114.8551587
-115.0777621
-115.3008908
-115.5242299
-115.7484097
-115.9726946
-116.1977678
-116.4231562
-116.6490176
-116.8755098
-117.1022644
-117.3296498
-117.5575608
-117.7857869
-118.0146437
-118.2438685
-118.4737761
-118.7039993
-118.9346953
-119.1660745
-119.397664
-119.6300416
-119.8627345
-120.095848
-120.3297496
-120.5638614
-120.7985514
-121.0338718
-121.2695076
-121.505774
-121.7424083
-121.9796731
-122.2173584
-122.4556742
-122.6943579
-122.9335671
-123.1733545
-123.4135621
-123.6542952
-123.8957116
-124.1372856
-124.3797528
-124.622483
-124.8657386
-125.1097298
-125.3539314
-125.5988686
-125.8442261
-126.0901618
-126.3365705
-126.5833994
-126.8310168
-127.0790018
-127.3274075
-127.576496
-127.8260577
-128.0760923
-128.3267575
-128.577843
-128.8296119
-129.0816958
-129.3344105
-129.5878084
-129.8414689
-130.0958652
-130.3506819
-130.6060765
-130.862102
-131.1183899
-131.3755715
-131.6330156
-131.8911429
-132.1497958
-132.4089216
-132.6687305
-132.9288023
-133.1897672
-133.4510477
-133.7129587
-133.9754476
-134.238357
-134.5018972
-134.7661202
-135.0306063
-135.2959329
-135.5615751
-135.8279528
-136.0947509
-136.3622323
-136.630239
-136.8986137
-137.1678818
-137.4374649
-137.7076265
-137.9784709
-138.2497884
-138.521684
-138.7941576
-139.067104
-139.3408914
-139.6148889
-139.8896748
-140.1650386
-140.4408229
-140.7173429
-140.9942307
-141.2719592
-141.5501084
-141.8287828
-142.1081932
-142.3879712
-142.6685375
-142.9495243
-143.2311417
-143.5134421
-143.7961631
-144.0795145
-144.3634967
-144.6480568
-144.9331951
-145.2188062
-145.5052057
-145.7920255
-146.0795285
-146.3676096
-146.6562686
-146.9454533
-147.2353209
-147.5257669
-147.8167906
-148.1083926
-148.4006251
-148.6933832
-148.9868243
-149.2808961
-149.5753883
-149.8706687
-150.1664222
-150.4628587
-150.7599258
-151.0574659
-151.3556367
-151.6545957
-151.953975
-152.253985
-152.5546255
-152.8559493
-153.157746
-153.4601733
-153.7634413
-154.0669197
-154.3713964
-154.676241
-154.9817689
-155.2880323
-155.594611
-155.9021882
-156.2101333
-156.5186565
-156.828073
-157.1378047
-157.4483773
-157.7594229
-158.0712042
-158.3835109
-158.6965533
-159.0100688
-159.324425
-159.6391491
-159.9547139
-160.2708044
-160.5875779
-160.9049294
-161.2229117
-161.541577
-161.8608204
-162.180747
-162.5012516
-162.8224394
-163.1443102
-163.4666541
-163.7897864
-164.1134438
-164.4378898
-164.7628087
-165.0884632
-165.4147483
-165.7416641
-166.0692105
-166.3974399
-166.7262476
-167.0557383
-167.3859121
-167.7166116
-168.0481518
-168.3800598
-168.7129662
-169.0462407
-169.3802506
-169.7149965
-170.0502151
-170.3862221
-170.7228072
-171.0601804
-171.3980266
-171.7366086
-172.0758737
-172.4157694
-172.7562956
-173.0975577
-173.43924
-173.7819736
-174.1250221
-174.4689118
-174.8133267
-175.1585826
-175.5043113
-175.850881
-176.1979235
-176.5458068
-176.8942157
-177.2433077
-177.5932405
-177.9434887
-178.2948402
-178.6464022
-178.999015
-179.3521009
384952569.7
-385203745.1
