-137.28833
-137.31513
-137.34193
-137.3682
-137.395
-137.42181
-137.44808
-137.47488
-137.50116
-137.5269
-137.55423
-137.57946
-137.60626
-137.632
-137.65828
-137.68456
-137.70978
-137.73658
-137.76128
-137.78756
-137.81383
-137.838
-137.86533
-137.88951
-137.91578
-137.94047
-137.96623
-137.99093
-138.0172
-138.04189
-138.06608
-138.09234
-138.11705
-138.14122
-138.16697
-138.19114
-138.21637
-138.24054
-138.26524
-138.28993
-138.31411
-138.33881
-138.36351
-138.38663
-138.41238
-138.4355
-138.45967
-138.48438
-138.50749
-138.5322
-138.55584
-138.57896
-138.60366
-138.62679
-138.65043
-138.67408
-138.69773
-138.72085
-138.7445
-138.76762
-138.79074
-138.81439
-138.83698
-138.86011
-138.88376
-138.90582
-138.92895
-138.95207
-138.97415
-138.99779
-139.01933
-139.04246
-139.06506
-139.08765
-139.10919
-139.13232
-139.15387
-139.17698
-139.19801
-139.2206
-139.24268
-139.26422
-139.28629
-139.30836
-139.32991
-139.35146
-139.37247
-139.39507
-139.41609
-139.43764
-139.45918
-139.47968
-139.50122
-139.52277
-139.54326
-139.56481
-139.58583
-139.60632
-139.62735
-139.64836
-139.66833
-139.68936
-139.71037
-139.73034
-139.75136
-139.77081
-139.79182
-139.81233
-139.83176
-139.85226
-139.87223
-139.89219
-139.91217
-139.93266
-139.95158
-139.97102
-139.99205
-140.01043
-140.03093
-140.04932
-140.06982
-140.08821
-140.10818
-140.12657
-140.14707
-140.16493
-140.18438
-140.20329
-140.22222
-140.24113
-140.26005
-140.27792
-140.29736
-140.31575
-140.33362
-140.35306
-140.37041
-140.38985
-140.40719
-140.42506
-140.44397
-140.46185
-140.47971
-140.49757
-140.51492
-140.53331
-140.55118
-140.568
-140.58638
-140.60321
-140.62107
-140.63788
-140.65628
-140.67205
-140.69044
-140.70725
-140.72354
-140.74141
-140.75823
-140.77452
-140.79133
-140.80815
-140.82497
-140.84178
-140.85755
-140.87436
-140.89065
-140.90695
-140.92323
-140.93953
-140.95529
-140.97106
-140.98787
-141.00311
-141.01888
-141.03516
-141.05041
-141.06617
-141.08142
-141.0977
-141.11189
-141.12871
-141.14237
-141.15918
-141.17285
-141.18862
-141.20385
-141.21857
-141.23328
-141.24852
-141.26271
-141.27743
-141.29214
-141.30685
-141.32157
-141.33523
-141.34941
-141.36466
-141.37832
-141.39199
-141.4067
-141.42088
-141.4335
-141.44874
-141.46188
-141.47606
-141.48868
-141.50286
-141.51653
-141.5302
-141.5428
-141.55647
-141.5696
-141.58274
-141.59588
-141.60902
-141.62163
-141.63529
-141.64685
-141.66105
-141.67207
-141.68627
-141.69783
-141.71044
-141.72305
-141.73514
-141.74722
-141.75984
-141.77192
-141.78401
-141.79557
-141.80766
-141.81975
-141.8313
-141.84287
-141.85495
-141.86599
-141.87755
-141.88963
-141.89962
-141.91224
-141.92327
-141.93377
-141.94482
-141.95637
-141.96741
-141.9774
-141.98896
-141.99946
-142.00998
-142.02101
-142.031
-142.0415
-142.05202
-142.06253
-142.07251
-142.0825
-142.093
-142.10247
-142.11297
-142.12244
-142.13241
-142.14241
-142.15134
-142.16184
-142.17078
-142.18077
-142.18917
-142.19968
-142.2081
-142.21755
-142.22648
-142.23542
-142.24487
-142.25381
-142.26222
-142.27063
-142.28008
-142.2885
-142.2969
-142.30478
-142.31425
-142.32212
-142.33054
-142.33841
-142.3463
-142.35471
-142.36311
-142.36995
-142.37888
-142.38571
-142.39412
-142.40148
-142.40936
-142.41566
-142.4246
-142.4309
-142.43827
-142.44561
-142.45298
-142.45981
-142.46716
-142.47295
-142.48135
-142.48661
-142.49449
-142.50027
-142.50763
-142.51288
-142.52077
-142.52602
-142.53285
-142.53864
-142.54546
-142.55019
-142.55756
-142.5628
-142.56911
-142.57385
-142.58067
-142.5854
-142.59171
-142.59696
-142.6017
-142.608
-142.61325
-142.61746
-142.62324
-142.62849
-142.6327
-142.638481
-142.643209
-142.647412
-142.652667
-142.656346
-142.662126
-142.665805
-142.67106
-142.674213
-142.678943
-142.683672
-142.686825
-142.69208
-142.695233
-142.698912
-142.703115
-142.70732
-142.710473
-142.713625
-142.718356
-142.720982
-142.724662
-142.727814
-142.731493
-142.73412
-142.737799
-142.739901
-142.744105
-142.746207
-142.74936
-142.751462
-142.755141
-142.757242
-142.75987
-142.762498
-142.764074
-142.767227
-142.769329
-142.771957
-142.773007
-142.775635
-142.777212
-142.779839
-142.781416
-142.782992
-142.784043
-142.787197
-142.787196
-142.789298
-142.790875
-142.791926
-142.793502
-142.794028
-142.795604
-142.796655
-142.797181
-142.798757
-142.798758
-142.800333
-142.800334
-142.801385
-142.80191
-142.801911
-142.8024357
-142.8029613
-142.8029613
-142.8034869
-142.8034868
-142.8029614
-142.8034868
-142.8034868
-142.8024358
-142.803487
-142.8019102
-142.8019104
-142.8019103
-142.8003339
-142.8008594
-142.799283
-142.799282
-142.797707
-142.797181
-142.795604
-142.795604
-142.794028
-142.792451
-142.791401
-142.790349
-142.788247
-142.787196
-142.786145
-142.783518
-142.782467
-142.780365
-142.778788
-142.776686
-142.774584
-142.773008
-142.77038
-142.768278
-142.765651
-142.764074
-142.760921
-142.759344
-142.755666
-142.753564
-142.750937
-142.748309
-142.74463
-142.742529
-142.739375
-142.736222
-142.73307
-142.729391
-142.726763
-142.723085
-142.719931
-142.716254
-142.712575
-142.708896
-142.705217
-142.70154
-142.69786
-142.693131
-142.690504
-142.685248
-142.681045
-142.677891
-142.672637
-142.668432
-142.664229
-142.660024
-142.654769
-142.65004
-142.646362
-142.64058
-142.635851
-142.631122
-142.626392
-142.620612
-142.616411
-142.6101
-142.60537
-142.60012
-142.59433
-142.58908
-142.58331
-142.57804
-142.57174
-142.56649
-142.56017
-142.5544
-142.54862
-142.54231
-142.53653
-142.52918
-142.52444
-142.51709
-142.51078
-142.50395
-142.49817
-142.49134
-142.48398
-142.47767
-142.47085
-142.46401
-142.45665
-142.44982
-142.44195
-142.43615
-142.42776
-142.42039
-142.41356
-142.40569
-142.39779
-142.39097
-142.38256
-142.3752
-142.36732
-142.35891
-142.35103
-142.34367
-142.33474
-142.32633
-142.31897
-142.31004
-142.30163
-142.29322
-142.28482
-142.27588
-142.26747
-142.25802
-142.25013
-142.24014
-142.23227
-142.2228
-142.21282
-142.20494
-142.19496
-142.18549
-142.17604
-142.16762
-142.1566
-142.14766
-142.13819
-142.12769
-142.11876
-142.10825
-142.09826
-142.08827
-142.07882
-142.06726
-142.05832
-142.04729
-142.0373
-142.02627
-142.01628
-142.00525
-141.99473
-141.98423
-141.97267
-141.96268
-141.95112
-141.94061
-141.92905
-141.91801
-141.90645
-141.89594
-141.88386
-141.87229
-141.86126
-141.8497
-141.83814
-141.82552
-141.81449
-141.80293
-141.78979
-141.77928
-141.76562
-141.75511
-141.74144
-141.72988
-141.71727
-141.70571
-141.69205
-141.67943
-141.66788
-141.65473
-141.6416
-141.62899
-141.61637
-141.60272
-141.59009
-141.57697
-141.56382
-141.55069
-141.53702
-141.52389
-141.51022
-141.49656
-141.48342
-141.46923
-141.4561
-141.44191
-141.42824
-141.41405
870407535.3
-870379742.9
