-54.2566
-54.1653
-54.0732
-53.9829
-53.8914
-53.8011
-53.7096
-53.6203
-53.5288
-53.4401
-53.3491
-53.2598
-53.1704
-53.0806
-52.9913
-52.9029
-52.8142
-52.7243
-52.637
-52.5483
-52.46
-52.3716
-52.285
-52.1962
-52.1094
-52.0217
-51.935
-51.8478
-51.7605
-51.6749
-51.5881
-51.5015
-51.4158
-51.3296
-51.2439
-51.1583
-51.0727
-50.9875
-50.9029
-50.8172
-50.7332
-50.6475
-50.5645
-50.4793
-50.3948
-50.3122
-50.2271
-50.1441
-50.061
-49.977
-49.8939
-49.8114
-49.7279
-49.6464
-49.5629
-49.4809
-49.3989
-49.3164
-49.235
-49.1535
-49.0715
-48.9901
-48.9091
-48.8282
-48.7473
-48.6658
-48.586
-48.5055
-48.4252
-48.3447
-48.2649
-48.1855
-48.1057
-48.0252
-47.9475
-47.8671
-47.7887
-47.7094
-47.6306
-47.5528
-47.4735
-47.3952
-47.3179
-47.2391
-47.1618
-47.0836
-47.0068
-46.9285
-46.8523
-46.774
-46.6984
-46.6206
-46.5443
-46.4677
-46.392
-46.3147
-46.2396
-46.1634
-46.0872
-46.012
-45.9369
-45.8607
-45.786
-45.711
-45.6358
-45.5616
-45.4866
-45.4124
-45.3373
-45.2643
-45.1896
-45.1155
-45.0425
-44.9679
-44.8953
-44.8213
-44.7482
-44.6756
-44.6027
-44.5296
-44.457
-44.3841
-44.3125
-44.2401
-44.1675
-44.0961
-44.024
-43.9526
-43.8811
-43.8092
-43.7381
-43.6673
-43.5963
-43.5248
-43.455
-43.3834
-43.3141
-43.2427
-43.1727
-43.1034
-43.033
-42.963
-42.8932
-42.8243
-42.755
-42.6845
-42.6168
-42.5469
-42.4785
-42.4092
-42.3414
-42.2726
-42.2037
-42.1359
-42.0682
-41.9992
-41.9326
-41.8642
-41.7965
-41.7292
-41.6619
-41.5947
-41.5279
-41.4606
-41.3934
-41.3277
-41.2605
-41.1936
-41.1281
-41.0618
-40.9955
-40.9294
-40.8637
-40.7985
-40.7318
-40.6677
-40.6009
-40.5373
-40.4706
-40.4065
-40.3419
-40.2767
-40.212
-40.148
-40.0833
-40.0192
-39.9551
-39.8904
-39.8279
-39.7628
-39.6997
-39.6366
-39.572
-39.51
-39.4464
-39.3828
-39.3208
-39.2572
-39.1947
-39.1321
-39.0702
-39.0071
-38.945
-38.8831
-38.821
-38.7591
-38.697
-38.6361
-38.574
-38.5126
-38.4511
-38.3901
-38.3292
-38.2682
-38.2073
-38.1463
-38.0854
-38.0259
-37.9645
-37.9046
-37.8441
-37.7848
-37.7238
-37.6644
-37.605
-37.5446
-37.4857
-37.4259
-37.3664
-37.3082
-37.2482
-37.1893
-37.1305
-37.0722
-37.0128
-36.9545
-36.8966
-36.8373
-36.78
-36.7211
-36.6634
-36.6055
-36.5477
-36.4904
-36.4322
-36.3748
-36.317
-36.2608
-36.203
-36.1462
-36.089
-36.0317
-35.9759
-35.9182
-35.863
-35.8052
-35.7495
-35.6932
-35.637
-35.5814
-35.5245
-35.4694
-35.4137
-35.358
-35.3023
-35.2465
-35.1919
-35.1363
-35.081
-35.0264
-34.9717
-34.9161
-34.8613
-34.8078
-34.7521
-34.6985
-34.6438
-34.5897
-34.5356
-34.4809
-34.4278
-34.3737
-34.3196
-34.2665
-34.2129
-34.1588
-34.1062
-34.0527
-33.9995
-33.946
-33.8939
-33.8403
-33.7883
-33.7347
-33.6827
-33.6296
-33.5781
-33.525
-33.4736
-33.4204
-33.3695
-33.3169
-33.2649
-33.2134
-33.1624
-33.1099
-33.0584
-33.0079
-32.9559
-32.9049
-32.854
-32.803
-32.7515
-32.7015
-32.6501
-32.5996
-32.5497
-32.4982
-32.4482
-32.3984
-32.3474
-32.2985
-32.247
-32.1981
-32.1482
-32.0978
-32.0488
-31.999
-31.9496
-31.9001
-31.8508
-31.8014
-31.753
-31.7031
-31.6542
-31.6059
-31.557
-31.5076
-31.4598
-31.4115
-31.362
-31.3143
-31.2664
-31.217
-31.1702
-31.1219
-31.0731
-31.0267
-30.9774
-30.9306
-30.8834
-30.8349
-30.7882
-30.7409
-30.6931
-30.6463
-30.5991
-30.5522
-30.5055
-30.4582
-30.4114
-30.3652
-30.3184
-30.2716
-30.2259
-30.1786
-30.1335
-30.0861
-30.0409
-29.9942
-29.949
-29.9027
-29.857
-29.8108
-29.7661
-29.7203
-29.6742
-29.6294
-29.5843
-29.5386
-29.4933
-29.4487
-29.404
-29.3583
-29.3142
-29.2685
-29.2253
-29.1791
-29.1355
-29.0914
-29.0461
-29.0026
-28.9578
-28.9138
-28.8701
-28.826
-28.7818
-28.7382
-28.6946
-28.651
-28.6068
-28.5638
-28.5201
-28.477
-28.4334
-28.3904
-28.3472
-28.3047
-28.2605
-28.2185
-28.1754
-28.1323
-28.0903
-28.0471
-28.0047
-27.9625
-27.92
-27.8769
-27.836
-27.7928
-27.7513
-27.7088
-27.6667
-27.6252
-27.5836
-27.5412
-27.5001
-27.4581
-27.4171
-27.375
-27.3336
-27.293
-27.2511
-27.21
-27.1691
-27.1281
-27.0865
-27.0466
-27.0051
-26.9647
-26.9241
-26.8827
-26.8427
-26.8028
-26.7613
-26.7213
-26.6814
-26.6409
-26.601
-26.5605
-26.5212
-26.4806
-26.4407
-26.4018
-26.3609
-26.3224
-26.2815
-26.2432
-26.2031
-26.1638
-26.1249
-26.0849
-26.0461
-26.0066
-25.9683
-25.9289
-25.89
-25.8516
-25.8117
-25.7738
-25.735
-25.6961
-25.6582
-25.6193
-25.5805
-25.5432
-25.5042
-25.4659
-25.4281
-25.3902
-25.3519
-25.3135
-25.2767
-25.2378
-25.2006
-25.1632
-25.1248
-25.0876
-25.0502
-25.0129
-24.9751
-24.9383
-24.9005
-24.8631
-24.8269
-24.789
-24.7528
-24.715
-24.6787
-24.6419
-24.6046
-24.5689
-24.531
-24.4953
-24.4585
-24.4217
-24.386
-24.3498
-24.3124
-24.2777
-24.2399
-24.2052
-24.1685
-24.1327
-24.0969
-24.0607
-24.0255
-23.9893
-23.9535
-23.9183
-23.8825
-23.8474
-23.8111
-23.7769
-23.7407
-23.7055
-23.6713
-23.6345
-23.6009
-23.5651
-23.5305
-23.4953
-23.4605
-23.4259
-23.3907
-23.3566
-23.3218
-23.2872
-23.253
-23.2178
-23.1841
-23.1495
-23.1153
-23.0807
-23.047
-23.0129
-22.9786
-22.9446
-22.9109
-22.8767
-22.8437
-22.8084
-22.7764
-22.7411
-22.7086
-22.675
-22.6408
-22.6082
-22.574
-22.5415
-22.5079
-22.4742
-22.4416
-22.408
-22.3754
-22.3423
-22.3092
-22.2766
-22.2436
-22.2104
-22.1783
-22.1447
-22.1132
-22.0801
-22.0475
-22.0149
-21.9834
-21.9498
-21.9182
-21.8851
-21.8541
-21.8216
-21.7889
-21.7575
-21.7253
-21.6928
-21.6618
-21.6292
-21.5982
-21.5656
-21.5346
-21.5026
-21.471
-21.4395
-21.4079
-21.377
775298838.2
-774963650
