-330.7314
-330.2925
-329.8533
-329.4139
-328.9743
-328.5345
-328.0943
-327.6541
-327.2135
-326.7729
-326.3319
-325.8908
-325.4495
-325.008
-324.5663
-324.1245
-323.6824
-323.2402
-322.7979
-322.3553
-321.9126
-321.4698
-321.0268
-320.5837
-320.1405
-319.697
-319.2535
-318.8099
-318.3662
-317.9222
-317.4783
-317.0342
-316.59
-316.1458
-315.7014
-315.2569
-314.8124
-314.3678
-313.9231
-313.4783
-313.0336
-312.5887
-312.1437
-311.6988
-311.2537
-310.8087
-310.3635
-309.9185
-309.4733
-309.028
-308.5828
-308.1377
-307.6924
-307.2471
-306.8019
-306.3567
-305.9113
-305.4662
-305.0209
-304.5757
-304.1305
-303.6854
-303.2402
-302.7951
-302.3501
-301.9051
-301.46
-301.0151
-300.5703
-300.1253
-299.6807
-299.236
-298.7913
-298.3467
-297.9023
-297.4579
-297.0136
-296.5693
-296.1252
-295.6811
-295.2372
-294.7934
-294.3495
-293.906
-293.4624
-293.019
-292.5758
-292.1325
-291.6896
-291.2466
-290.8039
-290.3612
-289.9187
-289.4764
-289.0342
-288.5921
-288.1502
-287.7085
-287.2669
-286.8255
-286.3842
-285.9432
-285.5023
-285.0616
-284.6209
-284.1807
-283.7405
-283.3005
-282.8607
-282.4211
-281.9818
-281.5425
-281.1036
-280.6648
-280.2263
-279.7879
-279.3498
-278.9119
-278.4742
-278.0368
-277.5995
-277.1626
-276.7258
-276.2893
-275.853
-275.4171
-274.9812
-274.5457
-274.1106
-273.6754
-273.2406
-272.8063
-272.3719
-271.9381
-271.5043
-271.0709
-270.6378
-270.2049
-269.7724
-269.34
-268.9081
-268.4762
-268.0449
-267.6138
-267.1829
-266.7523
-266.3222
-265.8921
-265.4626
-265.0333
-264.6042
-264.1756
-263.7471
-263.3192
-262.8913
-262.464
-262.0368
-261.6102
-261.1837
-260.7575
-260.3318
-259.9065
-259.4812
-259.0567
-258.6321
-258.2082
-257.7844
-257.361
-256.9381
-256.5154
-256.0931
-255.6712
-255.2497
-254.8284
-254.4076
-253.9871
-253.567
-253.1472
-252.7281
-252.3088
-251.8904
-251.4721
-251.0542
-250.6369
-250.2196
-249.8031
-249.3867
-248.9708
-248.5553
-248.1402
-247.7254
-247.3112
-246.8971
-246.4837
-246.0705
-245.6578
-245.2455
-244.8336
-244.4221
-244.011
-243.6004
-243.1901
-242.7802
-242.3708
-241.9618
-241.5533
-241.1451
-240.7374
-240.33
-239.9232
-239.5168
-239.1107
-238.705
-238.3001
-237.8952
-237.491
-237.0872
-236.6837
-236.2808
-235.8783
-235.4761
-235.0746
-234.6733
-234.2728
-233.8723
-233.4725
-233.0731
-232.6742
-232.2758
-231.8777
-231.4801
-231.0831
-230.6863
-230.2903
-229.8944
-229.4993
-229.1044
-228.7101
-228.3162
-227.9228
-227.5299
-227.1375
-226.7453
-226.354
-225.9629
-225.5723
-225.1822
-224.7925
-224.4035
-224.0147
-223.6267
-223.2389
-222.8516
-222.4649
-222.0787
-221.693
-221.3075
-220.9228
-220.5385
-220.1546
-219.7713
-219.3885
-219.006
-218.6243
-218.2428
-217.862
-217.4815
-217.1017
-216.7222
-216.3434
-215.965
-215.5869
-215.2096
-214.8328
-214.4562
-214.0804
-213.7049
-213.33
-212.9557
-212.5817
-212.2083
-211.8355
-211.4629
-211.0911
-210.7198
-210.3488
-209.9785
-209.6087
-209.2393
-208.8704
-208.5021
-208.1344
-207.767
-207.4002
-207.0338
-206.6682
-206.3029
-205.9381
-205.5739
-205.2101
-204.847
-204.4843
-204.1221
-203.7604
-203.3994
-203.0386
-202.6787
-202.3189
-201.96
-201.6014
-201.2434
-200.8858
-200.5288
-200.1725
-199.8164
-199.4611
-199.106
-198.7517
-198.398
-198.0444
-197.6917
-197.3394
-196.9877
-196.6364
-196.2856
-195.9355
-195.5858
-195.2366
-194.888
-194.5399
-194.1923
-193.8453
-193.4987
-193.1527
-192.8073
-192.4623
-192.1179
-191.774
-191.4305
-191.0878
-190.7454
-190.4037
-190.0623
-189.7217
-189.3815
-189.0417
-188.7026
-188.3639
-188.0259
-187.6883
-187.3512
-187.0147
-186.6787
-186.3433
-186.0083
-185.6739
-185.3401
-185.0066
-184.6739
-184.3415
-184.0098
-183.6785
-183.3478
-183.0177
-182.6879
-182.3589
-182.0302
-181.7022
-181.3746
-181.0476
-180.7211
-180.3952
-180.0696
-179.7448
-179.4204
-179.0966
-178.7731
-178.4505
-178.1281
-177.8064
-177.4852
-177.1644
-176.8442
-176.5247
-176.2055
-175.8869
-175.5689
-175.2512
-174.9344
-174.6178
-174.3018
-173.9863
-173.6715
-173.3571
-173.0432
-172.7297
-172.4171
-172.1047
-171.7929
-171.4817
-171.171
-170.8607
-170.551
-170.2419
-169.9333
-169.625
-169.3175
-169.0105
-168.7039
-168.3977
-168.0924
-167.7873
-167.4828
-167.1789
-166.8754
-166.5725
-166.2701
-165.9681
-165.6669
-165.366
-165.0656
-164.7658
-164.4665
-164.1678
-163.8694
-163.5718
-163.2744
-162.9777
-162.6816
-162.3858
-162.0906
-161.796
-161.5018
-161.2082
-160.915
-160.6224
-160.3303
-160.0387
-159.7476
-159.457
-159.1669
-158.8774
-158.5884
-158.2997
-158.0118
-157.7242
-157.4372
-157.1507
-156.8647
-156.5792
-156.2941
-156.0097
-155.7257
-155.4422
-155.1593
-154.8767
-154.5948
-154.3132
-154.0324
-153.7519
-153.4719
-153.1924
-152.9134
-152.6351
-152.357
-152.0795
-151.8026
-151.5261
-151.2501
-150.9747
-150.6996
-150.4252
-150.1511
-149.8777
-149.6047
-149.3321
-149.0601
-148.7886
-148.5176
-148.247
-147.9769
-147.7075
-147.4382
-147.1698
-146.9017
-146.6339
-146.367
-146.1002
-145.8342
-145.5684
-145.3034
-145.0386
-144.7743
-144.5107
-144.2475
-143.9846
-143.7225
-143.4605
-143.1994
-142.9385
-142.678
-142.4184
-142.1588
-141.9
-141.6414
-141.3836
-141.1261
-140.869
-140.6126
-140.3564
-140.1009
-139.8459
-139.591
-139.337
-139.0833
-138.8301
-138.5774
-138.3249
-138.0733
-137.8219
-137.5709
-137.3207
-137.0706
-136.8213
-136.5721
-136.3237
-136.0756
-135.828
-135.5807
-135.3342
-135.0878
-134.8422
-134.5968
-134.352
-134.1076
-133.8636
-133.6203
-133.3771
-133.1347
-132.8926
-132.6509
-132.4097
-132.169
-131.9287
-131.689
-131.4495
-131.2107
-130.972
-130.7342
-130.4966
-130.2594
-130.0229
-129.7865
-129.5509
-129.3154
-129.0806
-128.8462
-128.6122
-128.3786
-128.1456
-127.9129
-127.6807
-127.4488
-127.2177
-126.9866
-126.7562
-126.5263
-126.2966
-126.0676
-125.8388
-125.6105
-125.3828
-125.1552
-124.9285
-124.7019
-124.4757
-124.2502
-124.0248
-123.8001
-123.5758
-123.3517
-123.1285
-122.9051
-122.6826
-122.4604
-122.2385
-122.0173
-121.7962
-121.5758
-121.3556
-121.136
-120.9168
-120.6978
-120.4795
-120.2616
-120.0439
451546735
-451277975.9
