-118.9849
-118.7637
-118.543
-118.3227
-118.1027
-117.8833
-117.6643
-117.4458
-117.2276
-117.0101
-116.7926
-116.576
-116.3595
-116.1438
-115.9281
-115.7131
-115.4986
-115.2843
-115.0706
-114.8573
-114.6445
-114.4318
-114.22
-114.0083
-113.7972
-113.5864
-113.3761
-113.1663
-112.9568
-112.7477
-112.5391
-112.331
-112.1231
-111.9159
-111.709
-111.5023
-111.2964
-111.0906
-110.8855
-110.6805
-110.4762
-110.2721
-110.0686
-109.8654
-109.6627
-109.4602
-109.2584
-109.0568
-108.8558
-108.6549
-108.4548
-108.2547
-108.0554
-107.8562
-107.6576
-107.4593
-107.2614
-107.0639
-106.8669
-106.6702
-106.474
-106.2781
-106.0826
-105.8876
-105.6929
-105.4986
-105.3048
-105.1111
-104.9183
-104.7254
-104.5332
-104.3413
-104.1497
-103.9586
-103.7679
-103.5775
-103.3875
-103.198
-103.0088
-102.8199
-102.6316
-102.4435
-102.2559
-102.0686
-101.8818
-101.6951
-101.5092
-101.3233
-101.1379
-100.953
-100.7684
-100.5842
-100.4003
-100.2167
-100.0337
-99.851
-99.6685
-99.4866
-99.3051
-99.1237
-98.9428
-98.7624
-98.5822
-98.4025
-98.2229
-98.0441
-97.8652
-97.6871
-97.509
-97.3315
-97.1543
-96.9773
-96.801
-96.6248
-96.449
-96.2736
-96.0985
-95.9238
-95.7494
-95.5756
-95.4018
-95.2286
-95.0557
-94.8831
-94.7109
-94.5389
-94.3675
-94.1963
-94.0256
-93.855
-93.6849
-93.5152
-93.3456
-93.1768
-93.0078
-92.8395
-92.6716
-92.5037
-92.3364
-92.1694
-92.0028
-91.8364
-91.6703
-91.5048
-91.3394
-91.1744
-91.0098
-90.8455
-90.6815
-90.5179
-90.3545
-90.1916
-90.029
-89.8666
-89.7047
-89.543
-89.3818
-89.2207
-89.0601
-88.8998
-88.7397
-88.58
-88.4208
-88.2617
-88.103
-87.9447
-87.7865
-87.6288
-87.4715
-87.3144
-87.1575
-87.0012
-86.845
-86.6892
-86.5337
-86.3786
-86.2236
-86.0692
-85.9149
-85.7611
-85.6073
-85.4541
-85.3012
-85.1485
-84.9961
-84.8441
-84.6924
-84.5409
-84.3898
-84.2392
-84.0884
-83.9384
-83.7885
-83.6388
-83.4896
-83.3407
-83.1919
-83.0436
-82.8956
-82.7478
-82.6003
-82.4532
-82.3062
-82.1598
-82.0135
-81.8675
-81.7218
-81.5765
-81.4314
-81.2866
-81.1421
-80.9979
-80.854
-80.7107
-80.5665
-80.4247
-80.2812
-80.1387
-79.9969
-79.855
-79.7131
-79.5718
-79.4314
-79.2901
-79.1503
-79.0089
-78.8707
-78.7299
-78.5906
-78.4525
-78.3131
-78.1745
-78.0372
-77.8986
-77.7608
-77.6238
-77.487
-77.3499
-77.2133
-77.0777
-76.9411
-76.8055
-76.6705
-76.5353
-76.4004
-76.2653
-76.1318
-75.9972
-75.8638
-75.7298
-75.5974
-75.4639
-75.3314
-75.1985
-75.0672
-74.9352
-74.8028
-74.6725
-74.5405
-74.4103
-74.2794
-74.1496
-74.0187
-73.8901
-73.7596
-73.631
-73.5021
-73.3724
-73.2452
-73.1165
-72.9882
-72.8611
-72.7334
-72.6062
-72.4795
-72.3529
-72.2258
-72.1006
-71.9746
-71.8484
-71.7233
-71.5983
-71.4732
-71.3487
-71.2246
-71.1001
-70.9761
-70.8532
-70.729
-70.6062
-70.4837
-70.3607
-70.2383
-70.1163
-69.9945
-69.8725
-69.7511
-69.6303
-69.5094
-69.3886
-69.2676
-69.1484
-69.0281
-68.9082
-68.7889
-68.6692
-68.5514
-68.4316
-68.3128
-68.1956
-68.0774
-67.9587
-67.842
-67.7242
-67.6077
-67.4904
-67.3737
-67.2571
-67.1415
-67.0259
-66.9092
-66.7941
-66.6791
-66.5645
-66.4488
-66.3343
-66.2208
-66.1063
-65.9927
-65.8782
-65.7657
-65.6528
-65.5387
-65.4267
-65.3138
-65.2024
-65.0894
-64.978
-64.8666
-64.7546
-64.6438
-64.5329
-64.4225
-64.3111
-64.2018
-64.091
-63.9816
-63.8723
-63.762
-63.6532
-63.5449
-63.4351
-63.3269
-63.2191
-63.1104
-63.0031
-62.8949
-62.7877
-62.68
-62.5738
-62.4661
-62.3604
-62.2533
-62.1471
-62.0414
-61.9359
-61.8297
-61.7251
-61.6195
-61.5144
-61.4098
-61.3058
-61.2006
-61.0972
-60.9931
-60.8896
-60.786
-60.6825
-60.5795
-60.4766
-60.374
-60.2716
-60.1696
-60.0667
-59.9662
-59.8628
-59.7629
-59.6609
-59.56
-59.4587
-59.3587
-59.2579
-59.1575
-59.0582
-58.9573
-58.858
-58.7592
-58.6588
-58.5605
-58.4612
-58.363
-58.2641
-58.1654
-58.0681
-57.9699
-57.8716
-57.7749
-57.6772
-57.58
-57.4832
-57.3866
-57.2893
-57.1932
-57.0975
-57.0009
-56.9052
-56.8095
-56.7145
-56.6188
-56.5237
-56.4291
-56.3345
-56.2394
-56.1453
-56.0513
-55.9571
-55.8632
-55.7701
-55.6766
-55.583
-55.49
-55.3976
-55.3045
-55.2115
-55.12
-55.0276
-54.9356
-54.8437
-54.7522
-54.6608
-54.5698
-54.478
-54.3875
-54.2966
-54.2062
-54.1163
-54.025
-53.9361
-53.8457
-53.7558
-53.6666
-53.5777
-53.4878
-53.3991
-53.3102
-53.222
-53.1331
-53.0449
-52.9565
-52.8694
-52.7805
-52.6938
-52.6061
-52.5188
-52.4316
-52.3443
-52.2582
-52.1715
-52.0847
-51.9991
-51.9124
-51.8262
-51.7411
-51.6554
-51.5698
-51.4846
-51.3995
-51.3144
-51.2298
-51.1451
-51.0611
-50.976
-50.8923
-50.8078
-50.7253
-50.6407
-50.5571
-50.4741
-50.3911
-50.308
-50.225
-50.1425
-50.0595
-49.978
-49.895
-49.813
-49.7315
-49.6501
-49.5676
-49.4867
-49.4052
-49.3243
-49.2439
-49.1619
-49.082
-49.0011
-48.9212
-48.8414
-48.7599
-48.6816
-48.6012
-48.5213
-48.4425
-48.3631
-48.2838
-48.2045
-48.1266
-48.0468
-47.9696
-47.8902
-47.8118
-47.7347
-47.6568
-47.5781
-47.5008
-47.4235
-47.3463
-47.2691
-47.1918
-47.115
-47.0384
-46.9611
-46.8859
-46.8087
-46.7331
-46.6563
-46.5811
-46.5055
-46.4293
-46.3541
-46.279
-46.2034
-46.1292
-46.0535
-45.979
-45.9048
-45.8297
-45.7561
-45.6815
-45.6074
-45.5333
-45.4608
-45.3857
-45.3131
-45.2395
-45.166
-45.0935
-45.0204
-44.9479
-44.8743
-44.8029
-44.7298
-44.6583
-44.5853
-44.5138
-44.4419
-44.3703
-44.2989
-44.2269
-44.1565
-44.0845
-44.0136
-43.9436
-43.8717
-43.8018
-43.7308
-43.6609
-43.5905
-43.5201
-43.4508
-43.3803
-43.3109
-43.2416
-43.1717
-43.1029
-43.0329
-42.9647
-42.8953
-42.8269
-42.7576
-42.6893
-42.6215
-42.5526
-42.4844
-42.4165
-42.3488
647424494.4
-647097689.3
