2.212
2.207
2.203
2.2
2.194
2.19
2.185
2.182
2.175
2.175
2.166
2.165
2.157
2.157
2.15
2.145
2.143
2.137
2.133
2.128
2.127
2.118
2.117
2.111
2.108
2.103
2.098
2.095
2.091
2.086
2.081
2.079
2.072
2.069
2.066999999
2.059
2.058
2.051
2.05
2.043
2.041
2.035
2.032
2.027
2.025
2.018
2.016
2.01
2.009
2.001
2.001
1.993
1.992
1.986
1.983
1.979
1.975
1.97
1.967
1.962
1.959
1.955
1.95
1.947
1.943
1.938
1.937
1.928
1.929
1.922
1.919
1.916
1.911
1.907
1.904
1.9
1.895
1.892
1.889
1.883
1.881
1.876
1.873
1.868
1.866999999
1.859000001
1.859
1.854
1.849000001
1.846
1.842
1.839
1.836
1.83
1.827
1.825
1.819
1.815
1.814
1.809
1.804
1.802
1.797
1.796
1.788
1.789
1.781
1.781
1.775
1.772
1.77
1.763
1.762
1.758
1.754
1.751
1.747
1.744
1.738
1.738
1.732
1.729
1.726
1.721999999
1.72
1.714
1.712
1.707
1.706
1.701
1.697
1.696
1.688
1.69
1.683
1.679
1.679
1.673
1.67
1.666
1.664
1.661
1.655
1.654
1.65
1.646
1.643
1.64
1.636
1.634
1.629
1.626
1.624
1.619
1.617
1.612
1.611
1.606
1.603
1.601
1.597
1.592
1.591
1.587
1.583
1.582
1.577
1.573
1.571
1.569
1.563000001
1.562
1.558
1.555
1.551
1.55
1.544
1.543
1.538
1.538
1.531999999
1.529
1.527
1.524
1.52
1.517
1.515
1.511
1.506
1.508
1.5
1.499
1.497
1.492
1.489
1.488
1.483
1.48
1.478
1.475
1.471
1.47
1.464
1.463
1.46
1.457
1.453
1.451
1.448
1.445
1.442
1.439
1.433
1.442
1.418000001
1.434999999
1.425
1.418
1.419
1.419
1.413
1.404
1.413
1.398
1.414
1.382
1.408
1.393
1.381
1.394
1.386
1.373
1.386
1.378
1.37
1.368
1.371
1.366
1.356
1.366
1.356
1.35
1.352
1.349
1.351
1.335
1.346
1.334
1.34
1.324
1.335
1.325
1.329
1.313
1.32
1.324
1.303
1.32
1.302
1.309
1.298
1.309
1.286
1.305
1.286
1.289
1.297
1.272
1.287
1.283
1.271
1.277
1.272
1.267
1.266
1.271
1.252
1.26
1.262
1.251
1.25
1.251
1.245
1.241
1.245
1.24
1.229
1.242
1.228
1.225
1.23
1.224
1.22
1.218
1.22
1.214
1.208
1.209
1.208
1.21
1.192
1.203
1.199
1.193
1.197
1.178
1.198
1.188
1.172
1.182
1.187
1.167
1.178
1.165
1.173
1.167
1.166
1.156
1.156
1.167
1.151
1.15
1.146
1.157
1.145
1.135
1.145
1.136
1.145
1.125
1.128999999
1.141
1.12
1.129
1.114
1.129999999
1.114000001
1.114
1.12
1.108
1.109
1.104
1.114
1.093
1.108
1.094
1.093
1.102999999
1.088
1.083
1.098
1.082
1.078
1.087
1.073
1.082
1.072
1.077
1.062
1.077
1.057
1.071
1.062
1.057
1.055
1.062
1.046
1.056
1.051
1.046
1.04
1.052
1.034
1.041
1.035
1.036
1.035
1.029999999
1.029
1.026
1.024
1.02
1.029
1.005
1.034
0.999
1.02
1.009
1.013
1
1.008
1.004
0.993
1.009
0.993
0.988
1.004
0.983
0.993
0.982
0.989
0.987
0.973
0.982
0.983
0.967
0.977
0.972
0.968
0.966
0.973
0.961
0.957
0.966
0.957
0.957
0.95
0.957
0.951
0.946
0.946
0.951
0.941
0.94
0.942
0.939
0.931
0.935
0.936
0.93
0.924
0.931
0.93
0.915
0.924
0.92
0.919
0.915
0.914
0.91
0.918
0.905
0.909
0.904
0.899
0.913
0.889
0.904
0.899
0.892
0.889
0.899
0.887
0.889
0.882
0.889
0.882
0.884
0.871
0.889
0.867
0.877
0.873
0.872
0.873
0.861
0.867
0.868
0.856
0.867
0.862
0.851
0.857
0.856
0.852
0.851
0.851
0.846
0.847
0.84
0.851
0.837
0.845
0.825
0.846
0.836
0.829999999
0.83
0.831
0.83
0.825
0.83
0.815000001
0.83
0.82
0.815000001
0.814
0.825
0.809
0.815000001
0.809
0.804
0.82
0.799
0.809
0.799
0.798
0.815000001
0.783
0.804
0.799
0.788
0.794
0.793
0.793
0.779
0.798
0.772
0.794
0.784
0.771
0.779
0.787
0.773
0.773
0.772
0.772
0.773
0.768
0.766
0.773
0.752
0.772
0.756
0.768
0.752
0.756
0.762
0.752
0.751
0.756
0.742
0.757
0.745
0.742
0.751
0.736
0.746
0.741
0.741
0.725
0.751
0.726
0.736
0.735
0.725
0.731
0.725
0.736
0.714
0.731
0.715
0.73
0.715
0.719
0.716
0.713999999
0.72
0.704
0.72
0.709
0.7
0.719
0.699
0.71
0.699
0.704
0.704
0.693
0.705
0.694
0.693
0.699
0.688
0.7
0.682
0.694
0.684
0.693
0.683
0.678
0.689
0.682
0.679
0.677
6474245367
-12945221837
6470976893
