-4.972000001
-4.975999999
-4.977000001
-4.982
-4.985
-4.989
-4.992
-4.994
-4.999
-5.001
-5.005
-5.007
-5.011
-5.014
-5.017
-5.019
-5.023
-5.026
-5.028
-5.031
-5.035
-5.036
-5.039
-5.042
-5.046
-5.046
-5.051
-5.05
-5.057
-5.055
-5.062
-5.06
-5.064
-5.067
-5.068
-5.071
-5.073
-5.074
-5.078
-5.078000001
-5.081
-5.082
-5.085
-5.087
-5.087
-5.09
-5.091
-5.093
-5.096
-5.095
-5.098
-5.099
-5.099
-5.104
-5.101
-5.105
-5.106
-5.105
-5.109
-5.109
-5.109
-5.111
-5.111
-5.113
-5.113
-5.114
-5.115
-5.114
-5.117
-5.116
-5.116
-5.119
-5.117
-5.117
-5.12
-5.118
-5.118
-5.12
-5.118
-5.119
-5.118
-5.12
-5.118
-5.119
-5.117
-5.119
-5.117
-5.117
-5.115
-5.118
-5.114
-5.116
-5.113
-5.113
-5.113
-5.11
-5.113
-5.107
-5.11
-5.106
-5.107
-5.106
-5.101
-5.103
-5.102
-5.098
-5.099
-5.095
-5.094
-5.094
-5.09
-5.09
-5.086
-5.086
-5.082
-5.082
-5.079
-5.075
-5.076
-5.071
-5.07
-5.068
-5.063
-5.062
-5.059
-5.057
-5.054
-5.05
-5.048
-5.045
-5.041
-5.039
-5.035
-5.033
-5.028
-5.025
-5.022
-5.018
-5.016
-5.01
-5.007
-5.003
-5.001
-4.995
-4.991
-4.987
-4.984
-4.979
-4.975
-4.97
-4.965
-4.962
-4.957
-4.952
-4.947
-4.943
-4.938
-4.931
-4.93
-4.921
-4.918
-4.912
-4.908
-4.9
-4.896
-4.892
-4.884
-4.88
-4.872
-4.869
-4.862
-4.855
-4.85
-4.844
-4.837
-4.831
-4.826
-4.817
-4.813
-4.804
-4.8
-4.792
-4.785
-4.778
-4.772
-4.763
-4.76
-4.747
-4.745
-4.734
-4.729
-4.721
-4.712
-4.706
-4.697
-4.69
-4.683
-4.673
-4.667
-4.657
-4.651
-4.641
-4.632
-4.626
-4.615
-4.609
-4.599
-4.589
-4.583
-4.572
-4.564
-4.554
-4.546
-4.536
-4.527
-4.518
-4.507
-4.499
-4.49
-4.479
-4.47
-4.459
-4.45
-4.441
-4.428
-4.42
-4.411
-4.398
-4.389
-4.377
-4.369
-4.357
-4.346
-4.336
-4.325
-4.312
-4.304
-4.292
-4.279
-4.27
-4.258
-4.2459
-4.2349
-4.2235
-4.2113
-4.1999
-4.1877
-4.1767
-4.1641
-4.1509
-4.141
-4.1279
-4.1146
-4.1032
-4.09
-4.0789
-4.0653
-4.0517
-4.0405
-4.0275
-4.0128
-4.0022
-3.9875
-3.9744
-3.9617
-3.9487
-3.9345
-3.9212
-3.9077
-3.894
-3.8803
-3.8666
-3.8525
-3.8394
-3.824
-3.811
-3.7957
-3.7831
-3.7668
-3.7537
-3.7389
-3.7243
-3.709
-3.6958
-3.6796
-3.6649
-3.6507
-3.6349
-3.6206
-3.6046
-3.5891
-3.5755
-3.5577
-3.544
-3.5277
-3.5124
-3.4963
-3.4814
-3.4641
-3.4489
-3.4331
-3.4173
-3.4001
-3.3853
-3.3673
-3.3523
-3.3359
-3.3175
-3.3038
-3.2844
-3.2697
-3.2518
-3.2355
-3.2182
-3.2009
-3.1845
-3.1678
-3.1487
-3.1332
-3.1151
-3.0978
-3.0805
-3.0622
-3.0453
-3.0279
-3.009
-2.9922
-2.9734
-2.9564
-2.9376
-2.9203
-2.9012
-2.8834
-2.8657
-2.846
-2.8289
-2.8098
-2.791
-2.773
-2.7537
-2.7352
-2.7169
-2.698
-2.6778
-2.6597
-2.6411
-2.6218
-2.6023
-2.5823
-2.565
-2.5439
-2.5251
-2.5056
-2.4867
-2.4656
-2.4478
-2.4273
-2.4064
-2.3888
-2.3675
-2.3473
-2.3286
-2.308
-2.287
-2.2685
-2.2466
-2.2282
-2.2065
-2.1872
-2.165
-2.1467
-2.1247
-2.1056
-2.0837
-2.0631
-2.0431
-2.0216
-2.0023
-1.9795
-1.9601
-1.9375
-1.9192
-1.895
-1.877
-1.853
-1.834
-1.8119
-1.791
-1.7688
-1.7488
-1.7264
-1.7057
-1.6832
-1.6632
-1.6407
-1.6185
-1.5986
-1.5749
-1.5555
-1.5319
-1.5113
-1.4882
-1.4672
-1.4462
-1.4221
-1.4025
-1.3784
-1.3584
-1.3343
-1.3142
-1.2907
-1.2686
-1.2475
-1.2239
-1.2034
-1.1787
-1.1593
-1.1345
-1.1131
-1.0914
-1.0673
-1.0474
-1.0221
-1.0015
-0.978
-0.9565
-0.9332
-0.9108
-0.888
-0.8655
-0.843
-0.8208
-0.7966
-0.7752
-0.752
-0.7293
-0.7074
-0.6832
-0.6605
-0.6395
-0.6143
-0.5929
-0.5695
-0.5471
-0.524
-0.50074
-0.47821
-0.4551
-0.43248
-0.40884
-0.38677
-0.36313
-0.34105
-0.31635
-0.29534
-0.27063
-0.24908
-0.22493
-0.20336
-0.17815
-0.1566
-0.134
-0.10931
-0.08828
-0.063587
-0.040989
-0.0189197
0.0057814
0.0278473
0.050457
0.07462
0.09669
0.12034
0.14293
0.1666
0.18917
0.21178
0.23542
0.25803
0.2822
0.30321
0.32739
0.35103
0.37206
0.39728
0.41831
0.44194
0.46559
0.48769
0.51078
0.5339
0.556
0.5796
0.6028
0.6253
0.6469
0.6716
0.6932
0.7167
0.7389
0.7614
0.7852
0.8071
0.8298
0.8524
0.8754
0.8981
0.9197
0.9438
0.9653
0.988
1.0105
1.0326
1.0568
1.0763
1.1014
1.1224
1.1447
1.1681
1.1887
1.2128
1.2329
1.2576
1.2774
1.3012
1.3226
1.3443
1.3674
1.3889
1.4104
1.4325
1.4552
1.4761
1.4982
1.5203
1.5419
1.5632
1.5861
1.6059
1.6291
1.6495
1.6722
1.6926
1.7153
1.7346
1.7584
1.7783
1.7993
1.8214
1.843
1.8623
1.885
1.906
1.926
1.9475
1.9686
1.9895
2.01
2.0311
2.0511
2.0731
2.092
2.1146
2.133
2.1552
2.1745
2.196
2.2151
2.2359
2.2561
2.2764
2.2965
2.3164
2.3369
2.3553
2.3774
2.3953
2.4167
2.4352
2.4557
2.4741
2.4956
2.5129
2.5346
2.5518
2.5723
2.5918
2.6102
2.6302
2.6484
2.6676
2.6873
2.7054
2.7247
2.7436
2819120527
-5637648322
2818532229
