-1.024732377
-1.019477303
-1.029987454
-1.019474855
-1.040497604
-1.019478526
-1.035241306
-1.045750233
-1.024734825
-1.045749009
-1.040500051
-1.040493934
-1.056265278
-1.040495158
-1.051006532
-1.056264055
-1.045750233
-1.066774206
-1.056259772
-1.061518518
-1.061517295
-1.072026834
-1.056261607
-1.077283745
-1.077280686
-1.066773594
-1.077280686
-1.08253882
-1.077281298
-1.087793284
-1.082536373
-1.093047747
-1.082536985
-1.098302823
-1.093047747
-1.098301599
-1.093047136
-1.108813586
-1.103557287
-1.103556675
-1.108812974
-1.108812363
-1.119322513
-1.108812362
-1.1245782
-1.10881175
-1.135088352
-1.119321901
-1.124578201
-1.129832052
-1.135087739
-1.129833276
-1.145596667
-1.124578812
-1.156106818
-1.129832664
-1.156108654
-1.145596667
-1.150853578
-1.150852354
-1.156108654
-1.156106206
-1.166618804
-1.161363117
-1.161362505
-1.166617581
-1.17187388
-1.177126509
-1.171873879
-1.177127732
-1.177128344
-1.187637271
-1.182383419
-1.182382808
-1.198148033
-1.187638494
-1.198147422
-1.198148646
-1.187637271
-1.219169559
-1.192891735
-1.213913872
-1.208657573
-1.208658796
-1.219168335
-1.219167724
-1.21391326
-1.224423411
-1.229677875
-1.219168947
-1.240188026
-1.229678487
-1.23493295
-1.234933562
-1.245443101
-1.240188638
-1.245443713
-1.250698177
-1.255953252
-1.240188638
-1.271718479
-1.251224296
-1.262258731
-1.264361985
-1.268566045
-1.269090329
-1.272244598
-1.27539642
-1.276974166
-1.281177615
-1.283279644
-1.285907183
-1.28853472
-1.291161646
-1.294316527
-1.296415498
-1.299572214
-1.302721588
-1.304300559
-1.308504007
-1.310080529
-1.313757859
-1.315336217
-1.319013546
-1.322167203
-1.324268621
-1.326896771
-1.330049205
-1.332676742
-1.336882027
-1.337405699
-1.341610371
-1.344239132
-1.346338715
-1.35107073
-1.35211991
-1.355274179
-1.35895212
-1.361053538
-1.364733926
-1.36630739
-1.371040629
-1.371563078
-1.376819988
-1.378920795
-1.381023437
-1.384702601
-1.3878532
-1.390483796
-1.393635618
-1.395735813
-1.399417425
-1.403094142
-1.404670053
-1.408876561
-1.410450636
-1.415180816
-1.416232442
-1.421486907
-1.422538533
-1.426741982
-1.429368908
-1.431998281
-1.436200506
-1.437252132
-1.443033328
-1.444608627
-1.446711268
-1.451441449
-1.453542867
-1.457745704
-1.459324061
-1.463527511
-1.466155048
-1.469832377
-1.471936854
-1.476663976
-1.478241721
-1.481920275
-1.485072708
-1.489276769
-1.490854514
-1.494005725
-1.498736516
-1.501363442
-1.503991591
-1.507143414
-1.511348697
-1.512924608
-1.518705191
-1.518705803
-1.525010058
-1.52606352
-1.530265745
-1.53394491
-1.53604694
-1.540776508
-1.542878538
-1.54603036
-1.550762375
-1.552337062
-1.557592138
-1.559169272
-1.563372721
-1.566526377
-1.569679423
-1.573357364
-1.57651041
-1.580188963
-1.583342619
-1.586495665
-1.590172382
-1.593328486
-1.597529488
-1.600158249
-1.603311906
-1.608040863
-1.610142892
-1.613295326
-1.619077133
-1.620652432
-1.624331597
-1.62748403
-1.631689925
-1.635890928
-1.636944389
-1.643249868
-1.644825167
-1.649031063
-1.652707781
-1.656387557
-1.659015094
-1.663744051
-1.666371589
-1.670575037
-1.67373053
-1.677931531
-1.680560292
-1.684764965
-1.688967802
-1.691071667
-1.696323683
-1.69895428
-1.70210549
-1.707886685
-1.709462596
-1.71366788
-1.717344597
-1.721550493
-1.725227822
-1.72785536
-1.733111047
-1.73468757
-1.740992437
-1.74309569
-1.747299139
-1.750978304
-1.754655633
-1.75833541
-1.762538246
-1.765692515
-1.770421472
-1.773049009
-1.777252458
-1.782508145
-1.783559772
-1.789864027
-1.792493401
-1.796171341
-1.801950701
-1.802477432
-1.80930903
-1.811410448
-1.816140628
-1.820869584
-1.822971615
-1.827701794
-1.831379735
-1.836108691
-1.839263572
-1.843465185
-1.847671693
-1.850822291
-1.855028798
-1.860806935
-1.861859785
-1.868690159
-1.869742398
-1.876572161
-1.879200922
-1.883405594
-1.886556193
-1.892339834
-1.89601594
-1.899169597
-1.903374269
-1.908629345
-1.910730152
-1.917036854
-1.920190511
-1.923868452
-1.928071901
-1.932802692
-1.937006141
-1.940684082
-1.944363246
-1.95014383
-1.952770755
-1.957501547
-1.961703772
-1.966435175
-1.970112504
-1.974316565
-1.978520625
-1.982725297
-1.987454866
-1.991657702
-1.994811359
-2.000067047
-2.005847017
-2.006372525
-2.014780035
-2.015306765
-2.023188155
-2.024765901
-2.030544649
-2.034750545
-2.037902366
-2.044209069
-2.048412517
-2.050515159
-2.057346146
-2.059974295
-2.065753655
-2.070484446
-2.072586476
-2.079942359
-2.082045612
-2.08782436
-2.092556986
-2.095180854
-2.102541018
-2.103590198
-2.110947304
-2.11462708
-2.117778902
-2.125136007
-2.12723865
-2.132493725
-2.137748189
-2.140901234
-2.146682429
-2.150885877
-2.155614834
-2.160871744
-2.162971939
-2.170855165
-2.172956583
-2.179264508
-2.183992241
-2.186094272
-2.194503615
-2.196078303
-2.202386229
-2.207114573
-2.211318634
-2.216049426
-2.220251038
-2.22603468
-2.231286697
-2.233390563
-2.241798072
-2.242849087
-2.250732312
-2.253884133
-2.258613702
-2.264921627
-2.267546718
-2.273854032
-2.27910972
-2.282260929
-2.288567631
-2.29224802
-2.299076559
-2.302232051
-2.306959784
-2.313791994
-2.315895247
-2.323776026
-2.326929071
-2.331134967
-2.339015744
-2.341117775
-2.346899582
-2.353204448
-2.356358105
-2.362663584
-2.36634336
-2.372647616
-2.3768529
-2.383158379
-2.386837543
-2.392091395
-2.397873814
-2.402076039
-2.407331114
-2.414164547
-2.415739235
-2.424672863
-2.427301625
-2.432556088
-2.439911971
-2.442015836
-2.449371718
-2.453575778
-2.459356973
-2.464086541
-2.468289378
-2.476173215
-2.479850544
-2.484056439
-2.490885591
-2.495616993
-2.50034595
-2.506652041
-2.510854878
-2.517688923
-2.520839521
-2.527146835
-2.533978433
-2.536605359
-2.543962465
-2.548167137
-2.553946496
-2.560254422
-2.562879513
-2.571815588
-2.574441291
-2.581272889
-2.586529188
-2.591258144
-2.598088519
-2.600718503
-2.609649073
-2.612804565
-2.619110044
-2.624889404
-2.629094076
-2.63540139
-2.642230541
-2.644860525
-2.6532662
-2.656421692
-2.663776962
-2.667981023
-2.674813844
-2.680067084
-2.683747473
-2.692680489
-2.695831699
-2.701615341
-2.708444492
-2.713174672
-2.718955867
-2.724735838
-2.729464794
-2.737874139
-2.739974945
-2.747858782
-2.753638141
-2.757842202
-2.765200531
-2.76887786
-2.777285369
-2.781491877
-2.786743893
-2.794103446
-2.797780163
-2.805663388
-2.809868061
-2.816173539
-2.823003914
-2.827210421
-2.833514065
-2.839821991
-2.845601351
-2.851382545
-2.85611089
-2.863995338
-2.868198175
-2.875029162
-2.880811579
-2.886589716
-2.891847238
-2.89867639
-2.904459419
-2.910237556
-2.916019973
-2.922324229
-2.92758114
-2.934411514
-2.940718217
-2.944921053
-2.95280489
-2.957534458
-2.964364833
-2.970671536
-2.975401103
-2.981707194
-2.989590419
-2.993792643
-3.00010057
-3.006404825
-3.013238259
-3.017966602
-3.024272693
-3.032680814
-3.034784067
-3.044766264
-3.048446041
-3.055278862
-3.062634133
-3.065787178
-3.075772433
-3.079450986
-3.085231569
-3.094164585
-3.097317631
-3.105726363
-3.11045532
-3.117813036
-3.123066889
-3.130424607
-3.135154786
-3.143561683
-3.14724146
-3.155647745
-3.160904656
-3.16773503
-3.173515614
-3.179822928
-3.186652691
-3.192433885
-3.199266096
-3.205046066
-3.211878276
-3.218708039
-3.223438831
-3.231322667
-3.236574684
-3.244459745
-3.2491887
-3.256545194
-3.262851285
-3.269157376
-3.275464689
-3.282293841
-3.288076259
-3.294907857
-3.30173762
-3.306994531
-3.31540204
-3.319079981
-3.329064624
-3.332744401
-3.340099671
-3.347458612
-3.352186344
-3.36006957
-3.365850764
-3.373732766
-3.378461722
-3.38581944
-3.392651649
-3.398956517
-3.405262607
-3.412620325
-3.416823773
-3.427335148
-3.430485746
-3.438896314
-3.444149554
-3.452558898
-3.457287242
-3.465696587
-3.470424931
-3.478833052
-3.484089351
-3.490919726
-3.499327846
-3.502482116
-3.513515326
-3.515619804
-3.52612812
-3.530858911
3849527490
-7701563147
3852037451
