2.079
2.077
2.074
2.068
2.068
2.063
2.059
2.057
2.052
2.05
2.045
2.043
2.04
2.035
2.033
2.028
2.027
2.021
2.02
2.014
2.014
2.008
2.005
2.002
2.001
1.992999999
1.993000001
1.988
1.986
1.983
1.978
1.975
1.972
1.97
1.965
1.962
1.959
1.955
1.953000001
1.95
1.944
1.944
1.938
1.937
1.932
1.929
1.927
1.923
1.919
1.917
1.912
1.912
1.905
1.904
1.901
1.895
1.897
1.888
1.888
1.884
1.882
1.877
1.875
1.871
1.869
1.863
1.863999999
1.858
1.856
1.852
1.849
1.847
1.841
1.841
1.838
1.832
1.83
1.828
1.824
1.820999999
1.818
1.815
1.811
1.809000001
1.805999999
1.801
1.8
1.796
1.794
1.79
1.785
1.786
1.78
1.779
1.773
1.772
1.77
1.765
1.761
1.761
1.757
1.752
1.752
1.746
1.745
1.742
1.738
1.735
1.733
1.729
1.727
1.723
1.721
1.717
1.714
1.713
1.707
1.708000001
1.7
1.702
1.696
1.693999999
1.691000001
1.686
1.688
1.682
1.677
1.678
1.674
1.67
1.667
1.666
1.66
1.66
1.656
1.654
1.65
1.647
1.645
1.642
1.638
1.637
1.633
1.63
1.628
1.624
1.622
1.62
1.615
1.615
1.61
1.606
1.607
1.602
1.599
1.597
1.593
1.592000001
1.587
1.587
1.582
1.58
1.577
1.574
1.573
1.568
1.566
1.562
1.565
1.556
1.555
1.551
1.555
1.54
1.55
1.54
1.534
1.545
1.53
1.534
1.519
1.534
1.524
1.513
1.52
1.517
1.515
1.502
1.514
1.497
1.509
1.497
1.498
1.488
1.497
1.487
1.482
1.492
1.472
1.482
1.471
1.482
1.466
1.461
1.477
1.455
1.462
1.46
1.451
1.455
1.451
1.439
1.456
1.435
1.44
1.439
1.436
1.428
1.435
1.425
1.423
1.419
1.425
1.418
1.409
1.413
1.414
1.408
1.398
1.403
1.403
1.393
1.403
1.382
1.397
1.383
1.393
1.371
1.387
1.377
1.372
1.376999999
1.371000001
1.360999999
1.371
1.362
1.361
1.356
1.36
1.352
1.349
1.352
1.344
1.346
1.34
1.335
1.35
1.319
1.341
1.329
1.329
1.319
1.33
1.314
1.324
1.313
1.309
1.32
1.302
1.309
1.309
1.297
1.293
1.314
1.277
1.308
1.278
1.297
1.283000001
1.287
1.277
1.277
1.282
1.272
1.272
1.277
1.261
1.266
1.261
1.267
1.256
1.262
1.244
1.262
1.245
1.251
1.246
1.239
1.246
1.235
1.241
1.228
1.242
1.228
1.225
1.225
1.224
1.23
1.208
1.225
1.213
1.215
1.208
1.214
1.199
1.208
1.203
1.204
1.192
1.199
1.193
1.192
1.194
1.182
1.193
1.171
1.194
1.171
1.183
1.172
1.171
1.178
1.161
1.177
1.151
1.177
1.151
1.161
1.157
1.161
1.14
1.161
1.146
1.146
1.14
1.151
1.13
1.15
1.131
1.129
1.146
1.114
1.145
1.11
1.139
1.115
1.119
1.125
1.108
1.125
1.104
1.114
1.108
1.109
1.104
1.104
1.092
1.115
1.082
1.103000001
1.094
1.087
1.094
1.082
1.088000001
1.087
1.078
1.077
1.088
1.062
1.087
1.067
1.067
1.077
1.062
1.061
1.067
1.061
1.057
1.056
1.061
1.052
1.05
1.047
1.055
1.041
1.046
1.045
1.036
1.04
1.036
1.04
1.035
1.02
1.04
1.025
1.025
1.029
1.015
1.025
1.019
1.019
1.015
1.009
1.014
1.014
1.004
1.009
1.003
0.999
1.015
0.982
1.014
0.983
1.003
0.989
0.987
0.994
0.993
0.972000001
0.993
0.978
0.987
0.973
0.978
0.971
0.983
0.967000001
0.967
0.972
0.973
0.955
0.963
0.971
0.952
0.962
0.961
0.946
0.956
0.957
0.946
0.946
0.956
0.93
0.957
0.94
0.93
0.952
0.924
0.947
0.929
0.931
0.93
0.925
0.94
0.909
0.936
0.92
0.919
0.92
0.914000001
0.92
0.914
0.909
0.92
0.898
0.915
0.904
0.904
0.908
0.895
0.908
0.888
0.91
0.887
0.894
0.893
0.889
0.898
0.877
0.889
0.888
0.882
0.883999999
0.871000001
0.883999999
0.882
0.863
0.887
0.868
0.866
0.873
0.872
0.857
0.878
0.85
0.868
0.862
0.851
0.867
0.856
0.847
0.856
0.852
0.851
0.845
0.853
0.84
0.851
0.831
0.856
0.831
0.835
0.846
0.83
0.831
0.84
0.826
0.835
0.82
0.835
0.821
0.829000001
0.815
0.825
0.82
0.815
0.824
0.81
0.814
0.815000001
0.814
0.799
0.825
0.789
0.824
0.789
0.809
0.809
0.783
0.815
0.793
0.794
0.793
0.794
0.799
0.782
0.795
0.787
0.783
0.784
0.792
0.779
0.777
0.789
0.767
0.783
0.782
0.763
0.778
0.777
0.762
0.778
0.762
0.768
0.761
0.773
0.761
0.752
0.773
0.746
0.767
0.757
0.746
0.762
0.751
0.747
0.751
0.752
0.746
0.741
0.751
0.741
0.747
0.73
6525904366
-13048730913
6522827048
