4.389
4.392
4.394
4.396
4.398
4.402
4.402
4.406
4.406
4.41
4.411
4.413
4.415
4.417
4.418
4.421
4.422
4.423
4.426
4.427
4.428
4.43
4.431
4.432
4.435
4.435
4.436
4.437
4.44
4.439
4.441
4.442
4.442
4.444
4.445
4.445
4.446
4.447
4.448
4.447
4.449
4.45
4.449
4.451
4.45
4.452
4.45
4.452
4.453
4.452
4.451
4.453
4.453
4.452
4.452
4.454
4.451
4.453
4.452
4.452
4.451
4.452
4.451
4.45
4.45
4.451
4.449
4.448
4.45
4.446
4.447
4.447
4.446
4.444
4.444
4.443
4.443
4.440999999
4.441
4.439
4.438
4.439
4.435
4.436
4.434
4.432
4.433
4.429
4.43
4.427
4.427
4.425
4.423
4.422
4.421
4.419
4.417
4.416
4.414
4.412999999
4.41
4.409
4.407
4.407
4.402
4.402
4.4
4.398
4.396
4.393
4.393
4.389
4.388
4.385
4.384
4.381
4.379
4.377
4.374
4.373
4.369
4.368
4.365
4.363
4.359
4.359
4.355
4.351
4.352
4.348
4.343
4.344
4.338
4.338
4.334
4.331
4.329
4.325
4.324
4.319
4.319
4.313
4.311
4.309
4.306
4.301
4.301
4.295
4.293
4.291
4.286
4.285
4.279
4.279
4.273
4.272
4.266
4.265
4.262
4.257
4.253
4.253
4.245
4.246
4.239
4.238
4.234
4.229
4.227
4.223
4.219
4.215
4.213000001
4.208
4.205
4.201
4.198
4.191
4.193
4.184000001
4.182999999
4.179
4.173
4.173
4.165
4.164
4.159
4.155
4.151
4.148
4.142
4.141
4.134
4.132
4.127
4.123
4.119
4.115
4.110999999
4.106
4.103
4.099
4.094
4.09
4.085
4.082
4.077
4.074
4.068
4.064
4.061
4.057
4.049
4.049
4.042
4.038
4.035
4.029
4.025
4.022
4.015
4.013
4.005
4.005
3.998
3.994
3.989
3.984
3.981
3.976
3.97
3.968
3.96
3.959
3.951
3.949
3.943
3.939
3.934
3.929
3.923999999
3.922
3.913
3.911
3.906
3.901
3.897
3.89
3.888
3.88
3.878
3.873
3.867
3.862
3.857
3.855
3.847
3.843
3.839
3.833
3.828
3.825
3.817
3.815
3.808
3.805
3.798
3.795
3.788
3.784
3.781
3.773
3.768
3.766
3.758
3.755
3.749
3.743
3.74
3.734
3.728
3.726
3.718
3.713
3.71
3.703
3.698
3.694000001
3.689
3.683
3.677
3.674
3.668
3.664
3.656
3.653
3.648
3.642
3.638
3.631
3.627
3.621999999
3.617
3.61
3.608
3.599
3.598
3.589
3.586
3.58
3.576
3.57
3.563
3.561
3.553
3.551
3.543
3.537
3.536
3.527
3.523
3.517
3.513
3.508
3.501
3.497
3.492
3.486
3.481
3.476
3.47
3.466
3.46
3.454
3.450000001
3.444
3.439
3.435
3.427
3.424
3.417
3.414
3.406
3.402
3.398
3.391
3.387
3.38
3.376
3.371
3.365
3.36
3.354
3.35
3.344
3.338
3.335
3.327
3.324
3.317
3.313
3.307
3.301
3.298
3.29
3.287
3.28
3.276
3.27
3.265
3.259
3.256
3.248000001
3.244
3.238
3.235
3.226
3.224
3.217
3.212
3.208
3.202
3.195
3.192
3.186
3.18
3.177
3.168
3.166
3.16
3.155
3.148
3.144
3.139
3.135
3.126
3.124
3.118
3.112
3.106999999
3.103000001
3.097
3.091
3.086
3.083
3.075
3.07
3.066
3.062
3.053
3.051
3.045
3.039
3.035
3.029
3.024
3.02
3.012
3.009
3.004
2.998
2.993
2.987
2.984
2.976
2.974
2.967
2.961
2.958
2.952
2.946
2.942
2.936
2.932
2.926
2.921
2.916
2.911
2.906
2.901
2.895
2.89
2.887
2.879
2.876
2.87
2.865
2.86
2.855
2.851
2.844
2.84
2.835
2.829
2.826
2.819
2.816
2.808
2.805
2.800000001
2.795
2.79
2.783
2.781
2.775
2.769
2.765
2.76
2.754
2.751
2.744
2.741
2.734
2.73
2.726
2.72
2.715
2.71
2.706
2.700999999
2.694
2.693
2.684
2.681
2.678
2.669
2.668
2.66
2.658
2.65
2.648
2.643
2.636
2.632
2.629
2.621
2.62
2.611
2.609
2.605
2.596
2.596
2.588
2.586000001
2.578
2.575
2.571
2.564
2.562
2.555
2.55
2.549
2.54
2.537
2.532
2.527
2.525
2.516
2.514
2.51
2.502
2.501
2.493
2.492
2.484
2.481
2.476
2.473
2.465
2.464
2.456
2.454
2.448
2.444
2.44
2.433
2.432
2.424
2.421
2.417
2.412
2.407
2.403
2.397
2.395
2.388
2.387
2.378
2.376
2.372
2.365
2.364
2.356
2.355
2.348
2.344
2.34
2.336
2.33
2.327
2.322
2.319
2.311
2.311
2.304
2.299
2.297
2.29
2.288
2.283
2.277
2.276
2.267
2.266
2.262
2.255
2.254000001
2.247
2.243
2.241
2.232
2.234
2.225
2.222
2.219
2.212
2.211
2.204
2.202
2.196
2.192
2.19
2.183
2.179
2.177
4515468550
-9028247109
4512779759
