-0.268
-0.268
-0.2627
-0.268
-0.2681
-0.2627
-0.268
-0.2628
-0.2574
-0.2733
-0.2523
-0.268
-0.2574
-0.2628
-0.2628
-0.2522
-0.268
-0.247
-0.2628
-0.2627
-0.2417
-0.2733
-0.2418
-0.2627
-0.2469
-0.2576
-0.247
-0.2627
-0.2469
-0.2419
-0.2626
-0.2471
-0.2417
-0.2575
-0.2417
-0.2523
-0.2417
-0.247
-0.2469
-0.2418
-0.247
-0.247
-0.2312
-0.2575
-0.2312
-0.2417
-0.2471
-0.2311
-0.2471
-0.2364
-0.2312
-0.247
-0.2313
-0.2364
-0.2365
-0.2365
-0.2312
-0.2365
-0.2312
-0.2312
-0.2365
-0.2259
-0.2313
-0.2365
-0.2206
-0.2313
-0.2312
-0.2208
-0.2364
-0.2154
-0.2313
-0.226
-0.2259
-0.2154
-0.2313
-0.2155
-0.2311
-0.2103
-0.2259
-0.2208
-0.2154
-0.2207
-0.2207
-0.2155
-0.2155
-0.2101
-0.226
-0.2102
-0.2155
-0.2154
-0.205
-0.2154
-0.2155
-0.2049
-0.2155
-0.2102
-0.2049
-0.2103
-0.2101
-0.1997
-0.2103
-0.2101
-0.1997
-0.2102
-0.1945
-0.2101
-0.2051
-0.1943
-0.205
-0.1997
-0.1996
-0.1998
-0.2049
-0.1892
-0.1944
-0.2103
-0.1838
-0.205
-0.1839
-0.205
-0.1839
-0.1997
-0.1839
-0.205
-0.1786
-0.1945
-0.1891
-0.1893
-0.1891
-0.1892
-0.1787
-0.1944
-0.1839
-0.1787
-0.1944
-0.1735
-0.1944
-0.1734
-0.1787
-0.1891
-0.1788
-0.1786
-0.1786
-0.1735
-0.1839
-0.1787
-0.1682
-0.1838
-0.1683
-0.1786
-0.1681
-0.184
-0.1577
-0.1839
-0.1681
-0.1629
-0.1787
-0.1682
-0.1629
-0.1681
-0.1682
-0.1682
-0.1681
-0.1577
-0.1681
-0.1629
-0.163
-0.1628
-0.163
-0.1576
-0.1577
-0.1681
-0.1524
-0.1577
-0.1628
-0.1525
-0.1576
-0.1525
-0.1628
-0.1419
-0.1682
-0.1366
-0.1681
-0.1367
-0.1577
-0.1523
-0.1472
-0.1471
-0.1524
-0.1419
-0.1472
-0.1471
-0.1471
-0.1472
-0.1366
-0.1418
-0.1525
-0.1366
-0.1367
-0.1471
-0.1418
-0.1262
-0.1524
-0.1314
-0.1418
-0.1262
-0.1418
-0.1367
-0.1367
-0.126
-0.1367
-0.1313
-0.1314
-0.1314
-0.1314
-0.1261
-0.1366
-0.1156
-0.142
-0.1102
-0.142
-0.1156
-0.1261
-0.1261
-0.1209
-0.1208
-0.1262
-0.1208
-0.1209
-0.1156
-0.1209
-0.1209
-0.1155
-0.1157
-0.1208
-0.1104
-0.1156
-0.1208
-0.0999
-0.1262
-0.1103
-0.105
-0.1105
-0.1155
-0.1104
-0.0999
-0.1156
-0.105
-0.1052
-0.1103
-0.0999
-0.105
-0.1052
-0.1051
-0.0998
-0.0999
-0.105
-0.0947
-0.105
-0.0947
-0.0997
-0.1
-0.0893
-0.105
-0.0894
-0.0999
-0.084
-0.1051
-0.0842
-0.0945
-0.0893
-0.0894
-0.0945
-0.0894
-0.0841
-0.0841
-0.0945
-0.0842
-0.084
-0.0788
-0.0947
-0.0787
-0.0842
-0.0787
-0.0789
-0.0841
-0.084
-0.0684
-0.0893
-0.0683
-0.0841
-0.0736
-0.0788
-0.063
-0.0894
-0.063
-0.0737
-0.0734
-0.0737
-0.0683
-0.0735
-0.0579
-0.084
-0.0526
-0.0788
-0.0578
-0.0736
-0.0525
-0.0789
-0.0525
-0.0683
-0.0579
-0.0682
-0.0473
-0.0737
-0.0524
-0.0631
-0.0474
-0.0682
-0.0473
-0.0631
-0.0525
-0.0474
-0.063
-0.0525
-0.0421
-0.0578
-0.0525
-0.0421
-0.05781
-0.04728
-0.04203
-0.05255
-0.03679
-0.0578
-0.03679
-0.05255
-0.03153
-0.0473
-0.04729
-0.03153
-0.05255
-0.03153
-0.03679
-0.04203
-0.04205
-0.03153
-0.03152
-0.04731
-0.02626
-0.0368
-0.03152
-0.03679
-0.02627
-0.03679
-0.02102
-0.04204
-0.02102
-0.03153
-0.02102
-0.03679
-0.02101
-0.02628
-0.02628
-0.01576
-0.03153
-0.02102
-0.02628
-0.0105
-0.02628
-0.01577
-0.02627
-0.01577
-0.01576
-0.01051
-0.03154
1E-05
-0.02102
-0.01577
-0.01051
-0.01576
-0.00526
-0.01576
-0.01051
-0.00526
-0.01576
-1E-05
-0.01575
-1E-05
-0.01051
-0.00525
-1E-05
-0.005247
-0.005256
1.42109E-12
-0.005256
9.99999E-07
0.005254
-0.005254
1E-07
0.0105098
-0.0105119
0.015768
-2E-06
1E-06
0.015764
-0.005255
0.015764
1E-05
0.01575
0.00526
0.01577
0
0.01576
0.01577
0.0105
0.01052
0.02102
0.01051
0.01051
0.02627
0.01051
0.02102
0.01577
0.02102
0.02102
0.01576
0.02628
0.02102
0.02627
0.01577
0.03153
0.01577
0.03678
0.02102
0.02627
0.02628
0.03679
0.02101
0.03154
0.03153
0.03152
0.03679
0.02628
0.03678
0.03154
0.03677
0.03679
0.03679
0.03679
0.03677
0.0368
0.04729
0.02627
0.05256
0.04203
0.03154
0.05254
0.04205
0.04203
0.04205
0.05255
0.04729
0.03678
0.05782
0.04729
0.04729
0.0473
0.0578
0.04201
0.06311
0.0473
0.0525
0.0579
0.0525
0.0577
0.0527
0.063
0.0525
0.0632
0.0577
0.0578
0.0631
0.0578
0.0735
0.0474
0.0735
0.0631
0.0683
0.0578
0.0683
0.0736
0.0631
0.0682
0.0684
0.0736
0.0683
0.0787
0.058
0.0839
0.0737
0.0683
0.0787
0.079
0.0682
0.0841
0.0736
0.0788
0.0841
0.0788
0.0736
0.0893
0.0841
0.0736
0.0893
0.0841
0.0841
0.084
0.0894
0.0841
0.0945
0.0789
0.0999
0.0787
0.0947
0.0998
0.0788
0.0998
0.0947
0.0945
0.0842
0.1102
0.0894
0.0947
0.105
0.0893
0.1051
0.0999
0.0999
0.0945
0.1156
0.0894
0.1103
0.0999
0.1103
0.0999
0.1103
0.1052
0.105
0.1156
0.0999
0.1156
0.1051
0.1156
0.1104
0.1156
0.1051
0.1208
0.1157
0.1103
0.1156
0.1156
0.1262
0.1103
0.1156
0.1314
0.1051
0.1366
0.1051
0.1367
0.1156
0.1261
0.1156
0.1366
0.1262
0.1155
0.1315
0.1313
0.1261
0.1262
0.1365
0.1263
0.1312
0.1315
0.1313
0.1367
0.1313
0.1367
0.1366
0.1314
0.1419
0.1313
0.1419
0.1367
0.1419
8704076767
-17407872782
8703797429
