2.941
2.939
2.936
2.932
2.93
2.927
2.923
2.922
2.917
2.916
2.91
2.911
2.905
2.904
2.899
2.898
2.894
2.89
2.889
2.885
2.883
2.878
2.875
2.874
2.871
2.865
2.865
2.86
2.858
2.855
2.85
2.851
2.844000001
2.842
2.84
2.836
2.833
2.829
2.828
2.823
2.821
2.818
2.813
2.813
2.807
2.805
2.801
2.8
2.795
2.792
2.79
2.786
2.782
2.78
2.777
2.772
2.772
2.766
2.764
2.761
2.757
2.754
2.751
2.748
2.745
2.741
2.739
2.734
2.731
2.731
2.723
2.724
2.717
2.716
2.713999999
2.707
2.708
2.7
2.701
2.697
2.691
2.692
2.684
2.685
2.679
2.676
2.675
2.669
2.666
2.665
2.66
2.656
2.655
2.65
2.648
2.642
2.642
2.636
2.636
2.629
2.628
2.624
2.621
2.617
2.615
2.611
2.607
2.605
2.601
2.596
2.597
2.59
2.587
2.586
2.58
2.578
2.575
2.571
2.568
2.565
2.56
2.56
2.553
2.551
2.55
2.543
2.542
2.537
2.536
2.531
2.528
2.525
2.521
2.518
2.515
2.511
2.509
2.504
2.502
2.498
2.494
2.493
2.487
2.484
2.483
2.478
2.474
2.471
2.47
2.464
2.461
2.458
2.455999999
2.45
2.45
2.443
2.442
2.439
2.434
2.432
2.428
2.425
2.421
2.418
2.415
2.413
2.407
2.405
2.401
2.4
2.393
2.393
2.387
2.386
2.382
2.377
2.376
2.371
2.368
2.367
2.36
2.359
2.355
2.351
2.35
2.344
2.343
2.337
2.336
2.333
2.327
2.326
2.321
2.32
2.315
2.312
2.309
2.306
2.301
2.3
2.295
2.293
2.288
2.287
2.282
2.278
2.277
2.273
2.269
2.266
2.262
2.261
2.255
2.253
2.251
2.245
2.243
2.24
2.237
2.234
2.229
2.228
2.222
2.221000001
2.217
2.213
2.213
2.204
2.206
2.201
2.197
2.194
2.191
2.189
2.183
2.182
2.179
2.173
2.174
2.167
2.165
2.162
2.16
2.154
2.154
2.147
2.148
2.142
2.139
2.136
2.134
2.13
2.126
2.123
2.122
2.116
2.114
2.111
2.107
2.105
2.101
2.099
2.093
2.093
2.088
2.085
2.083
2.079
2.075
2.074
2.067999999
2.068000001
2.062
2.061
2.056
2.055
2.05
2.047
2.045
2.042
2.037
2.036
2.031
2.03
2.024
2.024
2.019
2.017
2.012
2.011
2.007
2.004
2
1.999
1.994
1.991
1.99
1.984
1.983
1.98
1.975
1.974
1.969
1.968
1.964
1.961
1.957
1.955
1.952
1.949
1.945
1.943
1.94
1.936
1.934
1.93
1.928
1.923999999
1.921
1.919
1.916
1.912
1.908999999
1.907
1.903
1.901
1.896
1.896
1.891
1.888
1.886
1.883
1.878
1.878
1.873
1.87
1.869
1.864
1.862
1.859
1.855
1.854
1.85
1.845
1.847
1.839
1.84
1.834
1.833
1.83
1.825
1.826
1.819
1.818
1.816
1.811
1.81
1.805
1.805
1.799
1.799
1.794
1.792
1.788
1.789
1.781
1.781
1.776
1.782
1.758
1.781
1.766
1.755
1.766
1.755
1.761
1.744
1.756
1.738
1.751
1.745
1.723
1.75
1.718
1.745
1.719
1.717
1.736
1.706
1.719999999
1.717
1.704
1.712
1.698
1.708
1.692
1.708
1.681
1.698
1.686
1.688
1.681
1.671
1.692
1.661
1.682
1.665
1.661
1.671
1.661
1.649
1.662
1.654
1.646
1.65
1.644
1.645
1.629
1.645
1.63
1.638
1.62
1.628
1.629
1.614
1.618
1.619
1.608
1.618
1.598
1.608
1.603
1.603
1.586
1.609
1.576
1.603
1.576
1.588
1.576
1.592
1.561
1.581
1.567
1.571
1.566
1.561000001
1.56
1.562
1.549
1.560999999
1.54
1.556
1.539
1.55
1.53
1.549
1.525
1.534
1.535
1.524
1.524
1.523
1.519
1.519
1.519
1.503
1.513
1.508
1.509
1.497
1.498
1.503
1.492
1.493
1.486
1.494
1.481
1.482
1.482
1.476999999
1.476000001
1.467
1.476
1.472
1.455
1.466
1.467
1.45
1.455
1.462
1.444
1.457
1.434
1.445
1.45
1.435
1.429
1.446
1.424
1.434
1.419
1.43
1.428
1.404
1.435
1.403000001
1.417999999
1.409
1.403
1.419
1.387
1.414
1.392
1.399
1.386
1.404
1.387
1.377
1.397
1.372
1.388
1.371
1.382
1.372
1.366
1.372
1.366
1.366
1.361
1.356
1.356
1.366
1.34
1.356
1.351
1.34
1.35
1.335
1.34
1.345
1.324
1.336
1.334
1.324
1.33
1.319000001
1.324
1.319
1.314
1.319
1.308
1.32
1.292
1.324
1.288
1.314
1.287
1.309
1.292
1.288
1.298
1.282
1.288
1.287
1.277
1.288
1.271
1.282
1.267
1.272
1.271
1.272
1.257
1.265
1.267
1.251
1.261
1.25
1.262
1.235
1.261
1.245
1.236
1.25
1.24
1.23
1.24
1.235
1.23
1.229
1.23
1.219
1.235
1.209
5894252480
-11785605157
5891353481
