-0.2422
-0.236
-0.2301
-0.226
-0.2186
-0.2144
-0.2087
-0.2033
-0.19759
-0.19182
-0.18708
-0.18129
-0.17553
-0.16973
-0.16554
-0.1587
-0.15397
-0.14819
-0.14242
-0.13767
-0.13191
-0.12507
-0.12191
-0.11457
-0.11035
-0.103
-0.09984
-0.09302
-0.08671
-0.08303
-0.07672
-0.07041
-0.0657
-0.06095
-0.05361
-0.04939
-0.04362
-0.03783
-0.03259
-0.0268
-0.022066
-0.015243
-0.010509
-0.005781
0.002103
0.004729
0.012611
0.016297
0.023639
0.02785
0.03364
0.03888
0.0452
0.05045
0.0557
0.06096
0.06673
0.07305
0.07725
0.08356
0.08933
0.09354
0.10037
0.10511
0.1114
0.11613
0.12193
0.12769
0.13242
0.13927
0.14293
0.1503
0.15397
0.16185
0.16501
0.17132
0.17709
0.18288
0.18761
0.19286
0.1997
0.2038
0.2103
0.2149
0.2207
0.2271
0.2306
0.2381
0.2423
0.2479
0.2545
0.2584
0.2644
0.2702
0.2758
0.2806
0.2859
0.2927
0.2964
0.3031
0.3081
0.3137
0.3184
0.3253
0.329
0.3352
0.3411
0.3463
0.3511
0.3573
0.3615
0.3684
0.3731
0.3784
0.3841
0.3884
0.3957
0.3998
0.4053
0.4109
0.4156
0.4226
0.4262
0.4319
0.4388
0.4419
0.4489
0.4529
0.4598
0.4641
0.4692
0.4756
0.4798
0.4856
0.4913
0.4961
0.5008
0.5081
0.5109
0.5181
0.5218
0.5292
0.5323
0.5387
0.5438
0.5487
0.5544
0.5597
0.5649
0.5691
0.5764
0.5792
0.5859
0.5912
0.5965
0.6001
0.6074
0.6113
0.6168
0.6218
0.6279
0.6311
0.6391
0.641
0.6491
0.6526
0.6575
0.6641
0.668
0.6732
0.6789
0.6837
0.6884
0.6947
0.6979
0.7052
0.7084
0.7142
0.7194
0.7246
0.7289
0.7347
0.7393
0.7447
0.7488
0.7552
0.7599
0.7635
0.7699
0.7745
0.7794
0.7851
0.7883
0.795
0.7993
0.8046
0.8082
0.815
0.8188
0.8235
0.8297
0.8329
0.8393
0.8434
0.8487
0.8524
0.8586
0.8634
0.8671
0.8734
0.8766
0.8833
0.8865
0.8924
0.8964
0.9013
0.907
0.9108
0.9153
0.9212
0.925
0.9306
0.9343
0.9396
0.9449
0.948
0.9544
0.9574
0.9642
0.9671
0.9726
0.9764
0.9827
0.9853
0.9911
0.9964
0.9989
1.0059
1.0084
1.0148
1.0178
1.0238
1.0267
1.0327
1.0368
1.0416
1.0451
1.0501
1.0557
1.0588
1.0637
1.0683
1.0726
1.0773
1.0814
1.0863
1.0904
1.0946
1.0999
1.103
1.1088
1.1115
1.1177
1.1209
1.1257
1.1298
1.134
1.1388
1.1424
1.1477
1.1514
1.1551
1.1608
1.1634
1.1699
1.1707
1.1788
1.1808
1.1844
1.1909
1.1933
1.1977
1.2029
1.2054
1.2109
1.2148
1.2183
1.2238
1.226
1.2312
1.2356
1.2385
1.2444
1.2465
1.2518
1.2554
1.2596
1.2628
1.2686
1.2707
1.2758
1.2792
1.2832
1.288
1.2912
1.2949
1.2995
1.3027
1.3075
1.31
1.3154
1.3185
1.3222
1.3263
1.3306
1.3337
1.3375
1.3415
1.3459
1.3489
1.3527
1.3568
1.3606
1.3636
1.3679
1.3721
1.3753
1.3783
1.3827
1.3872
1.389
1.3936
1.3979
1.401
1.4035
1.4084
1.4126
1.4141
1.4189
1.423
1.4257
1.4294
1.4325
1.4373
1.4393
1.4436
1.4472
1.4504
1.453
1.4588
1.4594
1.4645
1.4677
1.4715
1.4735
1.4777
1.4813
1.4847
1.4871
1.4919
1.4935
1.4987
1.4998
1.5051
1.5071
1.5113
1.5135
1.5177
1.5202
1.524
1.5266
1.5302
1.5335
1.5355
1.5407
1.5425
1.5454
1.5492
1.5523
1.5545
1.5592
1.5602
1.5654
1.5671
1.5702
1.5734
1.577
1.5791
1.5829
1.5848
1.5887
1.5917
1.5939
1.5975
1.6002
1.6027
1.606
1.6091
1.6117
1.6149
1.6164
1.6212
1.6227
1.6255
1.6295
1.6306
1.6355
1.6356
1.6402
1.643
1.644
1.65
1.649
1.654
1.656
1.658
1.662
1.663
1.668
1.668
1.673
1.674
1.677
1.68
1.682
1.684
1.688
1.69
1.691
1.696
1.697
1.7
1.701
1.706
1.707
1.709
1.713
1.714
1.716
1.72
1.721
1.724
1.727
1.728
1.731
1.733
1.736
1.737
1.741
1.742
1.745
1.747
1.748
1.752
1.754
1.756
1.757
1.76
1.763
1.763
1.768
1.768
1.772
1.771
1.776
1.777
1.779
1.781
1.783
1.787
1.785
1.79
1.792
1.793
1.795
1.797
1.8
1.8
1.804
1.805
1.805
1.811
1.809
1.814
1.813
1.817
1.818
1.819
1.823
1.823
1.825
1.827
1.829
1.831
1.832
1.833
1.837
1.838
1.838
1.841
1.843
1.844
1.846
1.848
1.849
1.85
1.853
1.854
1.855
1.857
1.859
1.861
1.861
1.864
1.864
1.867
1.868
1.868
1.873
1.87
1.876
1.873
1.879
1.875
1.882
1.88
1.882
1.884
1.885
1.886
1.888
1.888
1.891
1.892
1.893
1.893
1.897
1.896
1.898
1.9
1.899
1.903
1.902
1.905
1.906
1.905
1.908
1.909
1.911
1.91
1.912
1.914
1.914
1.917
1.915
1.919
1.918
1.92
1.921
1.922
1.923
1.924
1.925
1.926
1.927
1.928
1.929
1.929
1.931
1.933
1.932
1.933
1.935
1.935
1.936
1.938
1.937
1.94
1.938
1.942
1.941
1.941
1.944
1.943
1.945
1.945
1.947
1.945
1.948
1.949
1.949
1.949
1.95
1.952
1.951
4903348324
-9805247453
4901901322
