10.01074569
10.01062687
10.01073404
10.01059857
10.01069992
10.01067724
10.0106153
10.01062088
10.01068807
10.01059268
10.01064299
10.01059257
10.01064833
10.01057568
10.01059792
10.01060896
10.01059771
10.01053653
10.01057535
10.01059742
10.01055853
10.01051422
10.01059154
10.01052517
10.01053614
10.01050303
10.01051951
10.01053592
10.01052483
10.01045895
10.01049731
10.01053006
10.01041516
10.01052987
10.010437
10.0104697
10.01046963
10.01039345
10.01047497
10.01046401
10.01036637
10.01043684
10.01043136
10.01041509
10.01035569
10.01039349
10.01044194
10.01031807
10.0103988
10.01034505
10.01037726
10.010329
10.01035045
10.01033975
10.01032907
10.01031308
10.01031311
10.01029184
10.01034508
10.01027063
10.01027071
10.01027608
10.01027613
10.01028674
10.01022331
10.01026568
10.01022877
10.01024994
10.01023418
10.01019742
10.01018703
10.01026064
10.01016624
10.01018734
10.0101979
10.0101666
10.01017716
10.01014073
10.01013567
10.0102035
10.01005788
10.01021403
10.01005828
10.01013632
10.01010016
10.01011584
10.0100746
10.01009544
10.01003368
10.01012669
10.01003922
10.01002401
10.01007049
10.01000903
10.01007594
10.00998896
10.01003016
10.00996899
10.01003567
10.00994908
10.01004113
10.00990376
10.01002113
10.00990946
10.01000626
10.00988469
10.00996106
10.00989041
10.0099666
10.00987585
10.00992162
10.00987649
10.00987682
10.0098872
10.0098523
10.00989784
10.00980277
10.00985331
10.00986865
10.00977889
10.00984429
10.00980965
10.00978009
10.00981537
10.00976095
10.00979618
10.00976176
10.00973239
10.0097973
10.0097035
10.00972873
10.009744
10.00970488
10.00972507
10.00968605
10.00967668
10.00969684
10.00966287
10.00964863
10.00968839
10.0096349
10.00960115
10.00968487
10.00958266
10.00961742
10.00961306
10.00957459
10.00959464
10.00958058
10.00955198
10.00953801
10.00960651
10.00947617
10.00958336
10.00948231
10.00951681
10.00951258
10.00949872
10.00949453
10.00943258
10.00950543
10.00942915
10.00946826
10.00943533
10.00942165
10.00942714
10.00940392
10.00940941
10.00938625
10.00938698
10.00936865
10.00936464
10.00936063
10.00933763
10.00933841
10.00932496
10.00931627
10.00931233
10.00929421
10.00928558
10.00928169
10.00926836
10.00925978
10.00924651
10.00924267
10.00923414
10.00921623
10.00920774
10.00920864
10.00918613
10.00918705
10.00916461
10.00916555
10.00915249
10.00914412
10.00913112
10.00912279
10.00910982
10.00910617
10.00908862
10.009085
10.00907212
10.00906852
10.00904645
10.00904289
10.00903472
10.00902195
10.00900922
10.00900571
10.00899301
10.00898034
10.00897228
10.00895965
10.00895163
10.00893905
10.00893564
10.00891396
10.00891059
10.00890265
10.00889018
10.00887318
10.00887441
10.00885746
10.00884054
10.00884634
10.0088204
10.00881715
10.00880938
10.00878807
10.00878939
10.00876814
10.00876947
10.00874828
10.00874063
10.008733
10.00872089
10.0087088
10.00870122
10.0086847
10.00867716
10.00866517
10.00866214
10.00864125
10.00863379
10.00862188
10.00861001
10.0086026
10.00859076
10.00858339
10.00856272
10.00855982
10.00854364
10.00853635
10.00852023
10.00851739
10.00850131
10.00848968
10.00848248
10.00846649
10.00845053
10.00845658
10.00842308
10.00843355
10.00840452
10.00840184
10.00839479
10.00837025
10.00837199
10.00835189
10.00834928
10.00832488
10.00832667
10.00830669
10.00829545
10.00829291
10.00826434
10.00827486
10.00824202
10.00824389
10.00823278
10.00820871
10.00821062
10.00819094
10.00817992
10.00817324
10.00815795
10.0081427
10.00814037
10.00811657
10.00811428
10.00809913
10.00808829
10.00806891
10.00807096
10.00804736
10.00804089
10.00802589
10.00801519
10.00800451
10.00799385
10.00797471
10.0079726
10.00794927
10.00794295
10.00793665
10.00791341
10.00790715
10.00789668
10.00787777
10.00787579
10.00785271
10.00784655
10.00783618
10.00781321
10.00781552
10.0077884
10.00779074
10.00776789
10.00775348
10.00775166
10.00773309
10.00771875
10.00770862
10.0076985
10.00768423
10.00766999
10.00765578
10.00764576
10.00763575
10.0076133
10.00761581
10.00759341
10.00757935
10.00756532
10.00756789
10.00753319
10.00753579
10.00751772
10.00750381
10.00749406
10.0074802
10.00746225
10.00745668
10.00743878
10.00743325
10.0074113
10.00740171
10.00738392
10.00738258
10.00736074
10.00734714
10.00733766
10.00732411
10.00730649
10.00730116
10.00727952
10.00727422
10.00725265
10.00724739
10.00722994
10.00721659
10.00720327
10.00718997
10.00717669
10.00716749
10.00715021
10.00713297
10.00712384
10.00711473
10.00709352
10.00708446
10.00706735
10.00705833
10.00703725
10.00703632
10.00700725
10.00700636
10.00698941
10.0069725
10.00695962
10.00694677
10.00693394
10.00691713
10.00690835
10.0068916
10.00687487
10.00687015
10.0068455
10.00683683
10.0068242
10.00680761
10.006799
10.00677452
10.00676596
10.00676138
10.00672906
10.00673246
10.00670417
10.00669968
10.00668728
10.00666305
10.00665467
10.00664235
10.00662611
10.00660595
10.00660553
10.00657755
10.00657323
10.00655319
10.00654104
10.00652499
10.00651288
10.00649688
10.00648483
10.00647279
10.00644904
10.00644097
10.0064251
10.00641317
10.00639344
10.00638936
10.00636189
10.00635395
10.00633823
10.00632644
10.00630688
10.00629514
10.00628341
10.00626394
10.00624838
10.00624061
10.00622122
10.00620186
10.00619686
10.00617717
10.0061606
10.00614754
10.0061345
10.00611956
10.00609885
10.00609167
10.00607372
10.00605772
10.00604367
10.00602849
10.00601449
10.00599859
10.0059831
10.00596956
10.00595373
10.00593794
10.00592293
10.00591101
10.00589108
10.00587845
10.0058643
10.00584904
10.00583151
10.00581401
10.00580911
10.00578099
10.00577651
10.00575226
10.00574591
10.00572172
10.00571314
10.00569584
10.00567629
10.00566739
10.00565017
10.00563108
10.00561997
10.0056032
10.00558532
10.00557314
10.00555569
10.00554318
10.00552163
10.00551293
10.00549219
10.00547902
10.00546435
10.00544558
10.00543284
10.00541374
10.00540331
10.00538426
10.00536598
10.00535673
10.00533476
10.00532331
10.00530551
10.00528848
10.00527784
10.00525563
10.00524316
10.0052281
10.00520858
10.00519692
10.00517745
10.00516286
10.00515014
10.00512629
10.00511957
10.00509762
10.00508314
10.00506719
10.00505015
10.00503685
10.00501652
10.00500585
10.00498409
10.00497013
10.00495804
10.00493561
10.00492172
10.00490785
10.00488624
10.00487721
10.00485454
10.00484371
10.0048222
10.00480809
10.00479436
10.00477514
10.00475631
10.00474743
10.00472313
10.00471172
10.00469555
10.00467463
10.00466217
10.00464534
10.00462706
10.0046121
10.00459569
10.00457711
10.00456295
10.00454405
10.00453358
10.00450705
10.00449955
10.00447563
10.00446669
10.00444319
10.0044321
10.00441047
10.00439542
10.00437965
10.00436537
10.0043431
10.00432885
10.00431499
10.00429424
10.00427897
10.00426008
10.00425029
10.00422238
10.00421625
10.00419382
10.00417686
10.00416172
10.00414262
10.00413006
10.00410919
10.00409197
10.0040791
10.00405649
10.00404582
10.00402254
10.00401047
10.00399083
10.00397483
10.00395596
10.00394287
10.00392297
10.0039038
10.00389293
10.00386733
10.00385936
10.00383596
10.00381941
10.00380575
10.00378636
10.00376592
10.00375661
10.00373083
10.00372013
10.00369833
10.003683
10.00366733
10.00364917
10.00362817
10.00361649
10.00359374
-17030105.49
-10.00118051
0
