0.912999999
0.921
0.903
0.915
0.903
0.915000001
0.893
0.915
0.887
0.91
0.893
0.894
0.898
0.893
0.884
0.886999999
0.899000001
0.872999999
0.887000001
0.883
0.884
0.866
0.888
0.868
0.877
0.867
0.872
0.873
0.856
0.868
0.866
0.857
0.862
0.857000001
0.855999999
0.856
0.852
0.846
0.857
0.84
0.857
0.83
0.852
0.845
0.826
0.851
0.83
0.831
0.84
0.831
0.825
0.835
0.815
0.835
0.82
0.82
0.825
0.814
0.815
0.82
0.814
0.81
0.809
0.809
0.815
0.798
0.805
0.803
0.805
0.798
0.794
0.798
0.805
0.777
0.804
0.784
0.793
0.788
0.778
0.793
0.783
0.773
0.788
0.773
0.782
0.768
0.783
0.762
0.783
0.756
0.778
0.763
0.766
0.757000001
0.773
0.751
0.762
0.762
0.752
0.751
0.762
0.747
0.75
0.752
0.742
0.75
0.742
0.751
0.73
0.747
0.740999999
0.73
0.746
0.726
0.74
0.731
0.726
0.729
0.731
0.726
0.729
0.716
0.724
0.726
0.714
0.721
0.714
0.715
0.719
0.711
0.708
0.71
0.715
0.698
0.716
0.693
0.714
0.7
0.693
0.704
0.7
0.698
0.689
0.693
0.705
0.677
0.699
0.684
0.693
0.678
0.688
0.689
0.678
0.677
0.69
0.666
0.684
0.677
0.673
0.673
0.672
0.668
0.673
0.672
0.657
0.672
0.669
0.655
0.663
0.663
0.661
0.657000001
0.652
0.667
0.641
0.668
0.636
0.667
0.641
0.646
0.652
0.647
0.64
0.647
0.640999999
0.641
0.647
0.625
0.651
0.631
0.631
0.646
0.62
0.636
0.636
0.62
0.636
0.625000001
0.625999999
0.619
0.631
0.621
0.619
0.621
0.619
0.621
0.609
0.621
0.614
0.615
0.61
0.609000001
0.61
0.609
0.61
0.609
0.595
0.614
0.599
0.605
0.593
0.61
0.594
0.594
0.604
0.589
0.598
0.595
0.582
0.6
0.589
0.588
0.583000001
0.594
0.583
0.579
0.593
0.573
0.589
0.577
0.579
0.578
0.573
0.582
0.574
0.578
0.562
0.578
0.568000001
0.571999999
0.573
0.558
0.577
0.552
0.578
0.557
0.563
0.562
0.556
0.569
0.551
0.557
0.557
0.557
0.558
0.546
0.556
0.553
0.546
0.547
0.556000001
0.548
0.535
0.557
0.536
0.547
0.541
0.541
0.547
0.531
0.540999999
0.541000001
0.531
0.536
0.541
0.526
0.535
0.532
0.535
0.521
0.536
0.52
0.536
0.52
0.531
0.515
0.531
0.514
0.532
0.509
0.526
0.52
0.515
0.51
0.525
0.515
0.505
0.52
0.51
0.509
0.51
0.515
0.5
0.514
0.505000001
0.498999999
0.515
0.5
0.498
0.51
0.489
0.515
0.489
0.498999999
0.504
0.490000001
0.498
0.494
0.495
0.493
0.494000001
0.483999999
0.499
0.489
0.483
0.489
0.494000001
0.478
0.483000001
0.495
0.477
0.479
0.494000001
0.467999999
0.483000001
0.488
0.464
0.493
0.468
0.472
0.485
0.466999999
0.473
0.478
0.468
0.472
0.468999999
0.467
0.473
0.468
0.462
0.468000001
0.467999999
0.457000001
0.472999999
0.451000001
0.473999999
0.452000001
0.466999999
0.451999999
0.463000001
0.456999999
0.462000001
0.447
0.457999999
0.461
0.448
0.451
0.457
0.453
0.446
0.447
0.457
0.440999999
0.457
0.432000001
0.461999999
0.436000001
0.440999999
0.453000001
0.435
0.448
0.44
0.437
0.441
0.442
0.436
0.436
0.436
0.442
0.43
0.437
0.431
0.436
0.43
0.431999999
0.425000001
0.441999999
0.42
0.431
0.431
0.42
0.432000001
0.423999999
0.422
0.425
0.431
0.408999999
0.432
0.415000001
0.424999999
0.421000001
0.414999999
0.416
0.424
0.410999999
0.42
0.410000001
0.420999999
0.414
0.406
0.419
0.410999999
0.409000001
0.409999999
0.416
0.399
0.414999999
0.404000001
0.405999999
0.414
0.399999999
0.399000001
0.414999999
0.399999999
0.399000001
0.404999999
0.399000001
0.404999999
0.393000001
0.406
0.399
0.389000001
0.408999999
0.384999999
0.409000001
0.382999999
0.401
0.393
0.389
0.4
0.388
0.395000001
0.382999999
0.394
0.389
0.384
0.399
0.379
0.388
0.389
0.379
0.389000001
0.388
0.373
0.39
0.383
0.378
0.379
0.383000001
0.383999999
0.368000001
0.388999999
0.372
0.374000001
0.383999999
0.372000001
0.374
0.373
0.378
0.368
0.378
0.374
0.362
0.379000001
0.361999999
0.378000001
0.363
0.368
0.373
0.356999999
0.379
0.356999999
0.368000001
0.367999999
0.357
0.362
0.374
0.347
0.378
0.347
0.367000001
0.357999999
0.358
0.362
0.352
0.362
0.358
0.352
0.358
0.351
0.363
0.342
0.362
0.352
0.342
0.367999999
0.336000001
0.357999999
0.346000001
0.352
0.348
0.346
0.352
0.341
0.348
0.345999999
0.342000001
0.352
0.337
0.346
0.341999999
0.346000001
0.337
0.341
0.343
0.339999999
0.337000001
0.342
0.33
0.353
0.32
0.353
0.324999999
0.336
0.342000001
0.325999999
0.342
0.325
0.336
0.337
0.326
0.336
0.326
0.330999999
0.331
0.326
0.33
0.332
0.321
0.336
0.315
0.330999999
0.326
0.325999999
0.315000001
0.336
0.316
0.331
0.31
0.324999999
0.327000001
0.313999999
0.322
0.325000001
0.309999999
0.326
0.31
0.326
0.310000001
0.319999999
0.316
0.315
0.316
0.308999999
7752988596
-15502624882
7749636500
