-8425.688115
-8421.595446
-8417.502148
-8413.408167
-8409.313558
-8405.218214
-8401.12224
-8397.025585
-8392.928248
-8388.830334
-8384.731685
-8380.632355
-8376.532395
-8372.431806
-8368.330483
-8364.228478
-8360.125895
-8356.022631
-8351.918633
-8347.814058
-8343.7088
-8339.602809
-8335.49624
-8331.388937
-8327.281057
-8323.172443
-8319.0632
-8314.953327
-8310.842719
-8306.731483
-8302.619564
-8298.507069
-8294.393786
-8290.279927
-8286.165438
-8282.050215
-8277.93431
-8273.817881
-8269.700612
-8265.582872
-8261.464292
-8257.345187
-8253.225349
-8249.104881
-8244.983783
-8240.862004
-8236.73949
-8232.616452
-8228.492679
-8224.368225
-8220.243193
-8216.11748
-8211.991032
-8207.864008
-8203.736301
-8199.607966
-8195.478948
-8191.349301
-8187.218919
-8183.088013
-8178.956321
-8174.824051
-8170.691099
-8166.557519
-8162.423256
-8158.288311
-8154.152789
-8150.016586
-8145.8797
-8141.742186
-8137.603989
-8133.465163
-8129.325707
-8125.18557
-8121.044751
-8116.903355
-8112.761277
-8108.618517
-8104.475075
-8100.331108
-8096.186355
-8092.041025
-8087.895066
-8083.748372
-8079.601101
-8075.453149
-8071.304567
-8067.155303
-8063.005409
-8058.854834
-8054.703682
-8050.551848
-8046.399332
-8042.246187
-8038.09236
-8033.938008
-8029.78287
-8025.627154
-8021.470757
-8017.31373
-8013.156074
-8008.997789
-8004.838769
-8000.679172
-7996.518893
-7992.358038
-7988.196448
-7984.034281
-7979.87138
-7975.707954
-7971.543794
-7967.379004
-7963.213638
-7959.047537
-7954.880807
-7950.7135
-7946.545459
-7942.37684
-7938.207592
-7934.03761
-7929.867051
-7925.695862
-7921.523992
-7917.351492
-7913.178363
-7909.004604
-7904.830164
-7900.655094
-7896.479395
-7892.303066
-7888.126055
-7883.948468
-7879.770146
-7875.591299
-7871.411719
-7867.231561
-7863.050721
-7858.869252
-7854.687154
-7850.504426
-7846.321016
-7842.13703
-7837.952361
-7833.767063
-7829.581136
-7825.394579
-7821.207341
-7817.019525
-7812.831028
-7808.641953
-7804.452144
-7800.261811
-7796.070744
-7791.879099
-7787.686825
-7783.493869
-7779.300337
-7775.106122
-7770.911278
-7766.715804
-7762.519701
-7758.322969
-7754.125607
-7749.927564
-7745.728943
-7741.529693
-7737.329814
-7733.129253
-7728.928062
-7724.726294
-7720.523845
-7716.320766
-7712.11711
-7707.91272
-7703.707858
-7699.502209
-7695.295983
-7691.089127
-7686.881695
-7682.673581
-7678.464785
-7674.255464
-7670.045461
-7665.83483
-7661.623568
-7657.41173
-7653.199157
-7648.98606
-7644.772281
-7640.557873
-7636.342835
-7632.12722
-7627.910924
-7623.69405
-7619.476495
-7615.25831
-7611.039548
-7606.820157
-7602.600136
-7598.379433
-7594.158206
-7589.936245
-7585.713707
-7581.490591
-7577.266794
-7573.042368
-7568.817364
-7564.591679
-7560.365416
-7556.138524
-7551.911003
-7547.682853
-7543.454125
-7539.224663
-7534.994677
-7530.764061
-7526.532816
-7522.300888
-7518.068437
-7513.835303
-7509.601593
-7505.3672
-7501.132231
-7496.896632
-7492.660404
-7488.423599
-7484.186112
-7479.948048
-7475.709355
-7471.470032
-7467.23008
-7462.989551
-7458.748392
-7454.506657
-7450.264187
-7446.021193
-7441.777569
-7437.533316
-7433.288433
-7429.042974
-7424.796832
-7420.550166
-7416.302819
-7412.054841
-7407.80634
-7403.557104
-7399.307343
-7395.056953
-7390.805934
-7386.554285
-7382.302059
-7378.049204
-7373.795719
-7369.541658
-7365.286967
-7361.031594
-7356.775749
-7352.51917
-7348.262066
-7344.00428
-7339.74597
-7335.486926
-7331.227357
-7326.967211
-7322.706331
-7318.444978
-7314.182892
-7309.920333
-7305.65704
-7301.39317
-7297.128723
-7292.863699
-7288.597941
-7284.331711
-7280.064799
-7275.79731
-7271.529191
-7267.260496
-7262.991171
-7258.721217
-7254.450685
-7250.179577
-7245.907787
-7241.635472
-7237.362528
-7233.088955
-7228.814752
-7224.540025
-7220.264615
-7215.988682
-7211.712066
-7207.434874
-7203.157104
-7198.878757
-7194.599677
-7190.320124
-7186.039941
-7181.75913
-7177.477689
-7173.195723
-7168.913128
-7164.629903
-7160.346102
-7156.061671
-7151.776716
-7147.491078
-7143.204864
-7138.918073
-7134.630653
-7130.342655
-7126.054081
-7121.764824
-7117.475096
-7113.184633
-7108.893646
-7104.602081
-7100.309888
-7096.017065
-7091.723717
-7087.42974
-7083.135186
-7078.83995
-7074.544243
-7070.247853
-7065.950886
-7061.653342
-7057.355169
-7053.056472
-7048.757145
-7044.457188
-7040.156655
-7035.855544
-7031.553857
-7027.25154
-7022.948594
-7018.645176
-7014.341076
-7010.036399
-7005.731145
-7001.425314
-6997.118801
-6992.811816
-6988.504202
-6984.195958
-6979.887137
-6975.577792
-6971.267765
-6966.957213
-6962.646032
-6958.334274
-6954.021939
-6949.709028
-6945.395486
-6941.081368
-6936.766725
-6932.4514
-6928.135551
-6923.819125
-6919.50207
-6915.184385
-6910.866228
-6906.547441
-6902.228078
-6897.908032
-6893.587568
-6889.266368
-6884.944697
-6880.622344
-6876.299466
-6871.976012
-6867.651928
-6863.327319
-6859.002081
-6854.676319
-6850.349874
-6846.022958
-6841.695412
-6837.367237
-6833.038537
-6828.70926
-6824.379407
-6820.048924
-6815.717864
-6811.386279
-6807.054118
-6802.721327
-6798.387959
-6794.054066
-6789.719492
-6785.384498
-6781.04877
-6776.712517
-6772.37574
-6768.038333
-6763.70035
-6759.361841
-6755.022704
-6750.682937
-6746.34275
-6742.001829
-6737.660437
-6733.318414
-6728.975867
-6724.632691
-6720.28899
-6715.944712
-6711.599753
-6707.254373
-6702.908365
-6698.561727
-6694.214617
-6689.866825
-6685.51856
-6681.169667
-6676.820197
-6672.470202
-6668.119577
-6663.768428
-6659.416702
-6655.0644
-6650.71152
-6646.358063
-6642.004082
-6637.649471
-6633.294336
-6628.938624
-6624.582335
-6620.225469
-6615.868026
-6611.510058
-6607.151513
-6602.792392
-6598.432694
-6594.072471
-6589.711618
-6585.350241
-6580.988287
-6576.625757
-6572.262649
-6567.899069
-6563.534807
-6559.170073
-6554.80471
-6550.438823
-6546.072358
-6541.705316
-6537.33775
-6532.969555
-6528.600887
-6524.23159
-6519.861716
-6515.49137
-6511.120394
-6506.748894
-6502.376817
-6498.004164
-6493.630933
-6489.257177
-6484.882897
-6480.507988
-6476.132607
-6471.756543
-6467.38006
-6463.002896
-6458.625259
-6454.246993
-6449.868254
-6445.488887
-6441.109047
-6436.728525
-6432.347584
-6427.965961
-6423.583866
-6419.201246
-6414.817945
-6410.434224
-6406.049821
-6401.664998
-6397.279546
-6392.893517
-6388.507016
-6384.119885
-6379.73223
-6375.343998
-6370.955294
-6366.565961
-6362.176103
-6357.785721
-6353.394709
-6349.003225
-6344.611164
-6340.218579
-6335.825364
-6331.431677
-6327.037465
-6322.642572
-6318.247259
-6313.851369
-6309.454903
-6305.057911
-6300.660395
-6296.26225
-6291.863633
-6287.464439
-6283.06472
-6278.664477
-6274.263604
-6269.862259
-6265.460337
-6261.057891
-6256.654868
-6252.25132
-6247.847248
-6243.442651
-6239.037425
-6234.631727
-6230.225452
-6225.818652
-6221.411328
-6217.003426
-6212.595053
-6208.185998
-6203.776523
-6199.366524
-6194.955895
-6190.544742
-6186.133117
-6181.720862
-6177.308136
-6172.894885
-6168.481004
-6164.066704
-6159.651774
-6155.23632
-6150.820341
-6146.40389
-6141.98681
-6137.569206
-6133.151076
-6128.732475
-6124.313244
-6119.893542
-6115.473262
-6111.05251
-6106.631129
-6102.209276
-6097.786898
-6093.363943
-6088.940517
-6084.516513
-6080.091985
-6075.66688
-6071.241355
-6066.8152
-6062.388574
-6057.961318
-6053.533696
-6049.105391
-6044.676614
-6040.247313
-6035.817487
-6031.387137
-6026.956262
-6022.52481
-6018.092834
-6013.660438
-6009.22736
-6004.793862
-6000.359788
-5995.925242
-5991.490066
-5987.05447
-5982.618298
-5978.181601
-5973.744432
-5969.306633
-5964.868415
-5960.42962
-5955.990301
-5951.550457
-5947.110141
-5942.669195
-5938.22783
-5933.785888
-5929.343474
-5924.900483
-5920.45702
-5916.01298
-5911.568467
-5907.123378
-5902.677817
-5898.231731
-5893.785121
-5889.337986
-5884.89038
-5880.442143
-5875.993488
-165806685.6
