-292.03675
-287.321694
-282.6065857
-277.8914248
-273.176264
-268.4610507
-263.745785
-259.0305193
-254.3151487
-249.599778
-244.884355
-240.1689319
-235.4534564
-230.7379284
-226.022348
-221.3067675
-216.5911871
-211.8754493
-207.1598164
-202.4440786
-197.7283409
-193.0124982
-188.2967604
-183.5808128
-178.8649701
-174.149075
-169.4331274
-164.7171274
-160.0011273
-155.2851273
-150.5690223
-145.8529698
-141.1368125
-136.4207075
-131.7044977
-126.9883403
-122.272078
-117.5558157
-112.8396058
-108.1232386
-103.4069763
-98.69060912
-93.97424193
-89.25782227
-84.54145507
-79.82498297
-75.10851087
-70.39203878
-65.67556668
-60.95904211
-56.24246511
-51.52594057
-46.80936354
-42.0927341
-37.3761571
-32.65947519
-27.94284573
-23.22621626
-18.50948192
-13.79280001
-9.076065665
-4.359383735
0.35740305
5.074189883
9.790924229
14.50771104
19.22449785
23.94133712
28.65812393
33.37501562
38.09180245
42.80869416
47.52558585
52.24242513
56.95931684
61.67620855
66.39315273
71.11004444
75.82698859
80.54388028
85.26082448
89.97776863
94.69471278
99.4117094
104.1286011
108.8455977
113.5625943
118.2795385
122.9965351
127.7134793
132.4304759
137.1474725
141.8644691
146.5814133
151.2984099
156.0154065
160.7324032
165.4493998
170.1663964
174.8833405
179.6003372
184.3173338
189.0343304
193.7512745
198.4682187
203.1852678
207.9021595
212.6191561
217.3361003
222.0530444
226.7700411
231.4869327
236.2038245
240.9208211
245.6376603
250.354657
255.0714962
259.7883879
264.5052797
269.2221713
273.9389582
278.6559023
283.3726891
288.0894759
292.8063677
297.523102
302.2399413
306.9567281
311.6734625
316.3901968
321.1069311
325.8236655
330.5403474
335.2570293
339.9737637
344.6903407
349.4070226
354.1235996
358.8402291
363.5568061
368.2733831
372.9899076
377.7064322
382.4229567
387.1394288
391.8558485
396.5723206
401.2887402
406.0051599
410.7215271
415.4378418
420.154209
424.8704713
429.5867861
434.3029959
439.0192582
443.7354156
448.4516255
453.1677828
457.8838878
462.5999927
467.3160452
472.0320977
476.7480978
481.4640453
486.1800454
490.8959405
495.6118357
500.3276784
505.043521
509.7593113
514.4750491
519.1908393
523.9064722
528.6221575
533.3377904
538.0533708
542.7689512
547.4844792
552.1999548
556.9153778
561.6308534
566.3461715
571.0615422
575.7768603
580.492126
585.2073393
589.9225002
594.6376609
599.3527693
604.0678777
608.7828287
613.4978846
618.2127832
622.9276818
627.6425803
632.357374
637.0721152
641.7868564
646.5015452
651.2162339
655.9307653
660.6453492
665.3598281
670.0742546
674.7886811
679.5030552
684.2173768
688.9316459
693.6458626
698.3600269
703.0741387
707.788198
712.5022049
717.2161593
721.9301138
726.6439633
731.3578128
736.071505
740.7852497
745.4988894
750.2124767
754.926064
759.6395463
764.3529238
769.0663538
773.7796788
778.4929514
783.206119
787.9192867
792.6324019
797.3454122
802.0584225
806.771328
811.4841809
816.1970339
820.9097295
825.6223727
830.3350682
835.0475541
839.7600923
844.4725257
849.1849066
853.8971826
858.6094061
863.3216297
868.0337483
872.7457621
877.4577758
882.1696846
886.881541
891.5932925
896.305044
901.0166906
905.7282847
910.4398264
915.1512107
919.862595
924.5739269
929.2851539
933.9963284
938.7074505
943.4184152
948.1293799
952.8402922
957.5510996
962.261802
966.972452
971.683102
976.3935422
981.1040349
985.8143702
990.524653
995.2348834
999.9450089
1004.655082
1009.36505
1014.074913
1018.784777
1023.494535
1028.204188
1032.913789
1037.623233
1042.332729
1047.042015
1051.751354
1056.460483
1061.169612
1065.878583
1070.587555
1075.296422
1080.005131
1084.713893
1089.422445
1094.130944
1098.839391
1103.547733
1108.256023
1112.964155
1117.672235
1122.380263
1127.088133
1131.795951
1136.503716
1141.211324
1145.918879
1150.626329
1155.333727
1160.041021
1164.748156
1169.455292
1174.162271
1178.869197
1183.576018
1188.282681
1192.989397
1197.695851
1202.402358
1207.108654
1211.814951
1216.52109
1221.227124
1225.933054
1230.638983
1235.344703
1240.05037
1244.755985
1249.461389
1254.166794
1258.872042
1263.577237
1268.282275
1272.98726
1277.69214
1282.396863
1287.101534
1291.8061
1296.51056
1301.214864
1305.919167
1310.623261
1315.327354
1320.031238
1324.735069
1329.438796
1334.142365
1338.845934
1343.549293
1348.252548
1352.95575
1357.658847
1362.361786
1367.064674
1371.767351
1376.470028
1381.172548
1385.874911
1390.577274
1395.279427
1399.981475
1404.683418
1409.385308
1414.087042
1418.788618
1423.490141
1428.191507
1432.892821
1437.593925
1442.294976
1446.995923
1451.696712
1456.397396
1461.097923
1465.798398
1470.498767
1475.198927
1479.899034
1484.598984
1489.298882
1493.998569
1498.698152
1503.397682
1508.097003
1512.796271
1517.495382
1522.194335
1526.893236
1531.59198
1536.290618
1540.989047
1545.687476
1550.385695
1555.083809
1559.781766
1564.479618
1569.177417
1573.874955
1578.572439
1583.269767
1587.967042
1592.664054
1597.361067
1602.05787
1606.754515
1611.451161
1616.147492
1620.843875
1625.539996
1630.236012
1634.931923
1639.627677
1644.323274
1649.018818
1653.714099
1658.409381
1663.104453
1667.799368
1672.49423
1677.18883
1681.88343
1686.577767
1691.272053
1695.966128
1700.660151
1705.353964
1710.047672
1714.741223
1719.434617
1724.127905
1728.821037
1733.514011
1738.206827
1742.899539
1747.592146
1752.28449
1756.976782
1761.668917
1766.360842
1771.052714
1775.744377
1780.435935
1785.127283
1789.818578
1794.509611
1799.200592
1803.891363
1808.582029
1813.272485
1817.962837
1822.653083
1827.343067
1832.032999
1836.722721
1841.412286
1846.101745
1850.790995
1855.48014
1860.169128
1864.857958
1869.546579
1874.235094
1878.923452
1883.611653
1888.299697
1892.987583
1897.675312
1902.362883
1907.050245
1911.737554
1916.424601
1921.111543
1925.798328
1930.484955
1935.171372
1939.857685
1944.543788
1949.229786
1953.915574
1958.601205
1963.286678
1967.971994
1972.657153
1977.342154
1982.026946
1986.711632
1991.396109
1996.080429
2000.764591
2005.448543
2010.132443
2014.816028
2019.499561
2024.182831
2028.865997
2033.549005
2038.231803
2042.914392
2047.596928
2052.279202
2056.961318
2061.643277
2066.325027
2071.006671
2075.688106
2080.369383
2085.050451
2089.731361
2094.412061
2099.092656
2103.773042
2108.45327
2113.133289
2117.81315
2122.492854
2127.172348
2131.851632
2136.530811
2141.20978
2145.88854
2150.567142
2155.245587
2159.923822
2164.6019
2169.279768
2173.957479
2178.635032
2183.312323
2187.989509
2192.666433
2197.343252
2202.019861
2206.69626
2211.372502
2216.048534
2220.724357
2225.400074
2230.075582
2234.750827
2239.425968
2244.100898
2248.775619
2253.450183
2258.124536
2262.79868
2267.472667
2272.146444
2276.820063
2281.49342
2286.166672
2290.839662
2295.512495
2300.18517
2304.857531
2309.529839
2314.201885
2318.873721
2323.5454
2328.216869
2332.888128
2337.559177
2342.230069
2346.900751
2351.571223
2356.241538
2360.911643
2365.581486
2370.251172
2374.920648
2379.589966
2384.259075
2388.927921
2393.59661
2398.265089
2402.933411
2407.601471
2412.26932
2416.937013
2421.604495
2426.271716
2430.938831
2435.605632
2440.272328
2444.938761
2449.604985
2454.270999
2458.936856
2463.60245
2468.267887
2472.933062
2477.598079
2482.262834
2486.927432
2491.59182
2496.255946
2500.919862
2505.58362
2510.247116
-165174516.4
