26392.75424
26394.93631
26397.11687
26399.29607
26401.47369
26403.64989
26405.82462
26407.99794
26410.16969
26412.34007
26414.50893
26416.67632
26418.8423
26421.00681
26423.16985
26425.33142
26427.49157
26429.65025
26431.80742
26433.96322
26436.11755
26438.27041
26440.42181
26442.57173
26444.7203
26446.86734
26449.01296
26451.15717
26453.29986
26455.44118
26457.58098
26459.71942
26461.85634
26463.99189
26466.12598
26468.2586
26470.38985
26472.51958
26474.64795
26476.7748
26478.90033
26481.0243
26483.14695
26485.26813
26487.3879
26489.50614
26491.62307
26493.73854
26495.85259
26497.96522
26500.07639
26502.18613
26504.29447
26506.40143
26508.50693
26510.61102
26512.71363
26514.81494
26516.91477
26519.01319
26521.11019
26523.20578
26525.29995
26527.3927
26529.48409
26531.57401
26533.66257
26535.74971
26537.83544
26539.91975
26542.00264
26544.08417
26546.16428
26548.24293
26550.32031
26552.39618
26554.47068
26556.54376
26558.61554
26560.68579
26562.75473
26564.8222
26566.88836
26568.95311
26571.01644
26573.0784
26575.13895
26577.19813
26579.2559
26581.31231
26583.3673
26585.42092
26587.47313
26589.52403
26591.57351
26593.62158
26595.66828
26597.71362
26599.75759
26601.80015
26603.84129
26605.88117
26607.91959
26609.95664
26611.99238
26614.02665
26616.05961
26618.0912
26620.12144
26622.1502
26624.17776
26626.20379
26628.22852
26630.25193
26632.27393
26634.29456
26636.31383
26638.33179
26640.34828
26642.36351
26644.37737
26646.38983
26648.40091
26650.41069
26652.4191
26654.4262
26656.43183
26658.43621
26660.43922
26662.44081
26664.44115
26666.44006
26668.43767
26670.43392
26672.42879
26674.42236
26676.41457
26678.40541
26680.39499
26682.3831
26684.36996
26686.35545
26688.33963
26690.32245
26692.3039
26694.28404
26696.26287
26698.24034
26700.21644
26702.19128
26704.16471
26706.13688
26708.10768
26710.07712
26712.0453
26714.01212
26715.97758
26717.94177
26719.9046
26721.86613
26723.82633
26725.78518
26727.74271
26729.69894
26731.6538
26733.60745
26735.55969
26737.51061
26739.46028
26741.40853
26743.35557
26745.30125
26747.24562
26749.18868
26751.13038
26753.07086
26755.00999
26756.94775
26758.8843
26760.81949
26762.75337
26764.68594
26766.61725
26768.54719
26770.47588
26772.40325
26774.32937
26776.25407
26778.17756
26780.09969
26782.02062
26783.94012
26785.85848
26787.77541
26789.69109
26791.60546
26793.51862
26795.43042
26797.3409
26799.25013
26801.15805
26803.0647
26804.9701
26806.87413
26808.77691
26810.67843
26812.57863
26814.47758
26816.37521
26818.27154
26820.16665
26822.06046
26823.95301
26825.84424
26827.73417
26829.62289
26831.51029
26833.39639
26835.28133
26837.16486
26839.04718
26840.92824
26842.80804
26844.68648
26846.56376
26848.43968
26850.31439
26852.18785
26854.05999
26855.93088
26857.8005
26859.66887
26861.53598
26863.40183
26865.26642
26867.1297
26868.99183
26870.85259
26872.71209
26874.57044
26876.42742
26878.28326
26880.13772
26881.99099
26883.84304
26885.69378
26887.54327
26889.39155
26891.23851
26893.08433
26894.92883
26896.77207
26898.61411
26900.45483
26902.29441
26904.13267
26905.96967
26907.80551
26909.64005
26911.47338
26913.30545
26915.13626
26916.96582
26918.79422
26920.62136
26922.44724
26924.27186
26926.09528
26927.91744
26929.73839
26931.55813
26933.37662
26935.19385
26937.00987
26938.82463
26940.63824
26942.45059
26944.26168
26946.07156
26947.88024
26949.68766
26951.49387
26953.29888
26955.10262
26956.90522
26958.7065
26960.50663
26962.3055
26964.10321
26965.89962
26967.69487
26969.48891
26971.28169
26973.07333
26974.86365
26976.65286
26978.44082
26980.22758
26982.01307
26983.79741
26985.5806
26987.36242
26989.14319
26990.92266
26992.70096
26994.47801
26996.25396
26998.0286
26999.80208
27001.57441
27003.34543
27005.11534
27006.884
27008.6515
27010.4178
27012.18284
27013.94678
27015.70945
27017.47098
27019.2313
27020.99036
27022.74836
27024.50501
27026.26061
27028.01495
27029.76813
27031.52006
27033.27088
27035.0205
27036.76891
27038.51611
27040.26216
27042.00706
27043.7507
27045.49324
27047.23451
27048.97469
27050.71361
27052.45142
27054.18798
27055.92344
27057.65769
27059.39078
27061.12262
27062.85335
27064.58293
27066.31126
27068.03853
27069.76449
27071.4894
27073.21306
27074.93556
27076.65696
27078.37715
27080.09614
27081.81397
27083.5307
27085.24622
27086.96054
27088.67376
27090.38582
27092.09668
27093.80638
27095.51493
27097.22232
27098.92856
27100.63359
27102.33753
27104.04031
27105.74193
27107.44235
27109.14167
27110.83983
27112.53678
27114.23264
27115.92734
27117.62084
27119.31323
27121.00452
27122.69455
27124.38354
27126.07131
27127.75799
27129.44346
27131.12783
27132.81104
27134.49316
27136.17406
27137.85381
27139.53252
27141.21001
27142.88636
27144.56165
27146.23569
27147.90867
27149.58045
27151.25118
27152.92071
27154.58913
27156.25645
27157.92257
27159.58758
27161.25144
27162.91425
27164.5758
27166.23636
27167.89571
27169.55396
27171.2111
27172.86704
27174.52188
27176.17567
27177.82825
27179.47978
27181.13011
27182.77939
27184.42746
27186.07448
27187.72041
27189.36512
27191.00879
27192.65135
27194.29271
27195.93302
27197.57223
27199.21028
27200.84723
27202.48303
27204.11778
27205.75143
27207.38387
27209.01531
27210.64555
27212.27479
27213.90278
27215.52976
27217.15565
27218.78038
27220.40401
27222.02654
27223.64796
27225.26829
27226.88751
27228.50563
27230.12271
27231.73857
27233.35339
27234.96711
27236.57978
27238.19129
27239.8017
27241.41101
27243.01927
27244.62643
27246.23244
27247.83739
27249.4413
27251.04406
27252.64571
27254.24631
27255.84576
27257.44421
27259.04157
27260.63771
27262.23291
27263.82696
27265.41996
27267.0118
27268.6026
27270.19234
27271.78099
27273.36853
27274.95497
27276.54036
27278.12471
27279.7079
27281.29009
27282.87113
27284.45112
27286.03006
27287.6079
27289.18464
27290.76033
27292.33497
27293.90851
27295.481
27297.05238
27298.62272
27300.19196
27301.76015
27303.32724
27304.89333
27306.45826
27308.0222
27309.58504
27311.14683
27312.70757
27314.26721
27315.82575
27317.38329
27318.93978
27320.49517
27322.04951
27323.60275
27325.155
27326.70614
27328.25628
27329.80528
27331.35327
27332.90022
27334.44606
27335.99091
27337.53465
27339.07735
27340.619
27342.1596
27343.6992
27345.23765
27346.7751
27348.3115
27349.84686
27351.38116
27352.91442
27354.44663
27355.97778
27357.50789
27359.03695
27360.56502
27362.09198
27363.61789
27365.14281
27366.66662
27368.18949
27369.71121
27371.23198
27372.75165
27374.27033
27375.7879
27377.30453
27378.82001
27380.33459
27381.84802
27383.36045
27384.87183
27386.38222
27387.89156
27389.39985
27390.90714
27392.41339
27393.91858
27395.42278
27396.92593
27398.42803
27399.92913
27401.42924
27402.92824
27404.42625
27405.92326
27407.41928
27408.91414
27410.40811
27411.90103
27413.3929
27414.88373
27416.37355
27417.86243
27419.35022
27420.83695
27422.32273
27423.80753
27425.29122
27426.77391
27428.2556
27429.73636
27431.21596
27432.69466
27434.17227
27435.64893
27437.12449
27438.59916
27440.07272
27441.54534
27443.01692
27444.48749
27445.95702
27447.42561
27448.89319
27450.35968
27451.82527
27453.28976
27454.75331
27456.21586
27457.67737
27459.13793
27460.59743
27462.05595
27463.51346
-152499509.4
