7705.038105
7709.189583
7713.23596
7717.387438
7721.433815
7725.585293
7729.684221
7733.783149
7737.829526
7741.981004
7746.079932
7750.178859
7754.277787
7758.376715
7762.475642
7766.57457
7770.673498
7774.772425
7778.871353
7782.970281
7787.016658
7791.168136
7795.214513
7799.365991
7803.412369
7807.511296
7811.610224
7815.709152
7819.755529
7823.907007
7827.953384
7832.052312
7836.15124
7840.250167
7844.296545
7848.395472
7852.4944
7856.593328
7860.639705
7864.738633
7868.83756
7872.883938
7876.982865
7881.081793
7885.180721
7889.227098
7893.273475
7897.424953
7901.471331
7905.517708
7909.616636
7913.715563
7917.76194
7921.860868
7925.907245
7930.006173
7934.105101
7938.151478
7942.197855
7946.296783
7950.395711
7954.389538
7958.541016
7962.587393
7966.63377
7970.680148
7974.779075
7978.878003
7982.92438
7986.970758
7991.069685
7995.063512
7999.21499
8003.208817
8007.307745
8011.406673
8015.4005
8019.499427
8023.545804
8027.592182
8031.691109
8035.737487
8039.783864
8043.830241
8047.929169
8051.975546
8055.969373
8060.120851
8064.114678
8068.161056
8072.259983
8076.25381
8080.352738
8084.399115
8088.445492
8092.49187
8096.538247
8100.637175
8104.631002
8108.677379
8112.776307
8116.770134
8120.816511
8124.915439
8128.909266
8133.008193
8137.00202
8141.048398
8145.094775
8149.141152
8153.187529
8157.233907
8161.280284
8165.326661
8169.373039
8173.366866
8177.413243
8181.45962
8185.505998
8189.552375
8193.598752
8197.592579
8201.638957
8205.685334
8209.731711
8213.725538
8217.771915
8221.818293
8225.86467
8229.858497
8233.904874
8237.951252
8241.945079
8245.991456
8250.037833
8254.03166
8258.078037
8262.071864
8266.170792
8270.112069
8274.210996
8278.152273
8282.251201
8286.245028
8290.238855
8294.285232
8298.331609
8302.325436
8306.319263
8310.36564
8314.359467
8318.405845
8322.399672
8326.446049
8330.439876
8334.486253
8338.48008
8342.473907
8346.520284
8350.514111
8354.507938
8358.554316
8362.548143
8366.54197
8370.588347
8374.582174
8378.576001
8382.569828
8386.616205
8390.610032
8394.603859
8398.650236
8402.591513
8406.63789
8410.631717
8414.625544
8418.671921
8422.613198
8426.659575
8430.653402
8434.594679
8438.641056
8442.687433
8446.62871
8450.622537
8454.616364
8458.662741
8462.604018
8466.597845
8470.644222
8474.585499
8478.631876
8482.573153
8486.56698
8490.613357
8494.554634
8498.54846
8502.542287
8506.536114
8510.529941
8514.523768
8518.465045
8522.511422
8526.452699
8530.446526
8534.440353
8538.43418
8542.428007
8546.369283
8550.36311
8554.356937
8558.350764
8562.344591
8566.285868
8570.279695
8574.220971
8578.267349
8582.208625
8586.149902
8590.196279
8594.137556
8598.078832
8602.12521
8606.066486
8610.007763
8614.00159
8617.995417
8621.936693
8625.93052
8629.871797
8633.865624
8637.8069
8641.800727
8645.794554
8649.735831
8653.677108
8657.670934
8661.612211
8665.606038
8669.547315
8673.488591
8677.482418
8681.476245
8685.417522
8689.358798
8693.300075
8697.293902
8701.235179
8705.229005
8709.117732
8713.111559
8717.105386
8720.994112
8724.987939
8728.929215
8732.923042
8736.811769
8740.805596
8744.746872
8748.688149
8752.681976
8756.570702
8760.564529
8764.505806
8768.447082
8772.388359
8776.329635
8780.323462
8784.212189
8788.206016
8792.094742
8796.088569
8800.029845
8803.918572
8807.912399
8811.853675
8815.742401
8819.736228
8823.677505
8827.566231
8831.560058
8835.448784
8839.390061
8843.383888
8847.272614
8851.213891
8855.155167
8859.096444
8862.98517
8866.978997
8870.867723
8874.809
8878.750277
8882.691553
8886.580279
8890.574106
8894.462833
8898.351559
8902.345386
8906.234112
8910.175389
8914.064115
8918.057942
8921.946668
8925.835394
8929.776671
8933.717948
8937.659224
8941.54795
8945.489227
8949.377953
8953.31923
8957.207956
8961.149233
8965.090509
8968.979236
8972.867962
8976.809238
8980.750515
8984.639241
8988.527968
8992.469244
8996.35797
9000.299247
9004.187973
9008.12925
9012.017976
9015.906702
9019.847979
9023.736705
9027.677982
9031.566708
9035.455434
9039.344161
9043.285437
9047.174163
9051.06289
9055.004166
9058.840342
9062.781619
9066.722895
9070.559071
9074.500348
9078.389074
9082.2778
9086.166527
9090.055253
9093.996529
9097.832705
9101.773982
9105.662708
9109.551434
9113.440161
9117.328887
9121.217613
9125.106339
9128.995066
9132.883792
9136.825069
9140.661244
9144.549971
9148.438697
9152.327423
9156.216149
9160.104876
9163.993602
9167.882328
9171.771054
9175.659781
9179.495957
9183.384683
9187.325959
9191.162135
9195.050861
9198.887037
9202.828314
9206.66449
9210.553216
9214.441942
9218.278118
9222.219395
9226.055571
9229.891747
9233.833023
9237.669199
9241.557925
9245.394101
9249.282828
9253.171554
9257.00773
9260.949006
9264.732632
9268.621358
9272.510084
9276.398811
9280.182436
9284.123713
9287.959889
9291.796064
9295.684791
9299.573517
9303.409693
9307.245869
9311.134595
9315.023321
9318.859497
9322.695673
9326.531849
9330.420575
9334.309301
9338.145477
9341.981653
9345.817829
9349.706555
9353.542731
9357.431457
9361.267633
9365.103809
9368.939985
9372.828711
9376.612337
9380.553614
9384.337239
9388.173415
9392.062141
9395.898317
9399.734493
9403.570669
9407.459395
9411.243021
9415.131747
9418.967923
9422.804099
9426.640275
9430.47645
9434.312626
9438.148802
9441.984978
9445.873704
9449.65733
9453.493506
9457.329682
9461.218408
9465.002034
9468.838209
9472.674385
9476.510561
9480.346737
9484.182913
9488.019089
9491.802714
9495.691441
9499.475066
9503.311242
9507.147418
9510.983594
9514.81977
9518.603395
9522.439571
9526.275747
9530.111923
9533.948099
9537.731724
9541.5679
9545.351526
9549.240252
9553.023878
9556.860053
9560.643679
9564.479855
9568.26348
9572.152207
9575.935832
9579.719458
9583.555634
9587.39181
9591.175435
9595.011611
9598.795237
9602.631412
9606.415038
9610.251214
9614.034839
9617.871015
9621.654641
9625.438266
9629.274442
9633.110618
9636.894244
9640.677869
9644.514045
9648.297671
9652.081296
9655.917472
9659.701098
9663.484723
9667.320899
9671.104525
9674.88815
9678.724326
9682.507952
9686.291577
9690.075203
9693.911379
9697.642454
9701.47863
9705.262255
9709.098431
9712.829506
9716.665682
9720.396757
9724.232933
9728.016559
9731.800184
9735.58381
9739.419986
9743.151061
9746.934686
9750.770862
9754.501937
9758.285563
9762.121739
9765.852814
9769.63644
9773.472616
9777.203691
9780.987316
9784.770942
9788.554567
9792.338193
9796.121818
9799.852894
9803.689069
9807.420145
9811.20377
9814.987396
9818.771021
9822.554647
9826.285722
9830.069348
9833.852973
9837.636599
9841.367674
9845.151299
9848.934925
9852.71855
9856.449626
9860.233251
9863.964326
9867.747952
9871.531577
9875.315203
9879.046278
9882.777353
9886.613529
9890.292054
9894.12823
9897.806755
9901.642931
9905.374006
9909.105081
9912.888707
9916.672332
9920.350857
9924.187033
9927.865558
9931.701733
9935.380258
9939.163884
9942.947509
9946.626034
9950.46221
9954.140735
9957.92436
9961.655436
9965.439061
9969.117586
9972.901212
9976.684837
9980.363362
9984.146987
9987.878063
9991.661688
9995.340213
9999.123839
10002.85491
10006.58599
10010.36961
10014.04814
10017.83176
10021.51029
10025.29392
10029.02499
10032.75607
10036.48714
10040.21822
10043.94929
-179428771.2
