-22211.7217
-22209.54843
-22207.37412
-22205.19886
-22203.0225
-22200.84514
-22198.66678
-22196.48733
-22194.30693
-22192.12548
-22189.94298
-22187.75954
-22185.57494
-22183.3894
-22181.20287
-22179.01523
-22176.82659
-22174.63691
-22172.44623
-22170.25455
-22168.06177
-22165.86795
-22163.67323
-22161.47735
-22159.28043
-22157.08262
-22154.88365
-22152.68369
-22150.48267
-22148.28066
-22146.07755
-22143.8735
-22141.66839
-22139.46219
-22137.25498
-22135.04678
-22132.83748
-22130.62719
-22128.41579
-22126.20344
-22123.99005
-22121.77556
-22119.56007
-22117.34353
-22115.12594
-22112.90731
-22110.68767
-22108.46694
-22106.24526
-22104.02243
-22101.7986
-22099.57377
-22097.34784
-22095.12087
-22092.89289
-22090.66382
-22088.43375
-22086.20263
-22083.97046
-22081.73719
-22079.50292
-22077.26765
-22075.03124
-22072.79382
-22070.55536
-22068.31585
-22066.07528
-22063.83367
-22061.59101
-22059.3473
-22057.10255
-22054.85669
-22052.60983
-22050.36193
-22048.11297
-22045.86292
-22043.61181
-22041.35971
-22039.10651
-22036.85226
-22034.59696
-22032.34061
-22030.08316
-22027.82471
-22025.56521
-22023.30462
-22021.04292
-22018.78027
-22016.51648
-22014.25163
-22011.98579
-22009.71884
-22007.45085
-22005.18175
-22002.91161
-22000.64042
-21998.36823
-21996.09483
-21993.82049
-21991.54505
-21989.2685
-21986.99097
-21984.71232
-21982.43258
-21980.15184
-21977.87
-21975.58706
-21973.30312
-21971.01803
-21968.73194
-21966.4448
-21964.15651
-21961.86717
-21959.57683
-21957.28534
-21954.9928
-21952.69915
-21950.40451
-21948.10877
-21945.81193
-21943.51404
-21941.21505
-21938.91501
-21936.61387
-21934.31173
-21932.00838
-21929.70409
-21927.39865
-21925.0921
-21922.78456
-21920.47586
-21918.16617
-21915.85527
-21913.54343
-21911.23043
-21908.91639
-21906.60124
-21904.28504
-21901.96769
-21899.64935
-21897.32984
-21895.0093
-21892.6877
-21890.36489
-21888.04114
-21885.71624
-21883.39029
-21881.06323
-21878.73502
-21876.40582
-21874.07551
-21871.74406
-21869.4116
-21867.07799
-21864.74333
-21862.40752
-21860.07071
-21857.73274
-21855.39368
-21853.05356
-21850.71235
-21848.37003
-21846.02661
-21843.68209
-21841.33652
-21838.98985
-21836.64203
-21834.29315
-21831.94318
-21829.5921
-21827.23993
-21824.8867
-21822.53227
-21820.17689
-21817.82025
-21815.46262
-21813.10388
-21810.744
-21808.38306
-21806.02097
-21803.65783
-21801.29353
-21798.92819
-21796.56175
-21794.19415
-21791.82545
-21789.4557
-21787.08479
-21784.71284
-21782.33974
-21779.96553
-21777.59022
-21775.21381
-21772.83625
-21770.45768
-21768.07792
-21765.69705
-21763.31513
-21760.93206
-21758.54789
-21756.16256
-21753.77618
-21751.3887
-21749.00007
-21746.61034
-21744.21945
-21741.82757
-21739.43443
-21737.04029
-21734.64494
-21732.24855
-21729.851
-21727.45235
-21725.0526
-21722.65175
-21720.24969
-21717.84663
-21715.44232
-21713.03701
-21710.63054
-21708.22292
-21705.8142
-21703.40438
-21700.9934
-21698.58138
-21696.1681
-21693.75382
-21691.33838
-21688.92174
-21686.5041
-21684.08526
-21681.66531
-21679.24427
-21676.82207
-21674.39871
-21671.97426
-21669.5487
-21667.12199
-21664.69412
-21662.26521
-21659.83504
-21657.40387
-21654.97154
-21652.53801
-21650.10338
-21647.66765
-21645.23082
-21642.79272
-21640.35363
-21637.91334
-21635.47194
-21633.02934
-21630.58573
-21628.14082
-21625.69491
-21623.24785
-21620.79958
-21618.35021
-21615.89974
-21613.44806
-21610.99528
-21608.5414
-21606.08632
-21603.63007
-21601.17278
-21598.71429
-21596.25464
-21593.79394
-21591.33198
-21588.86892
-21586.4047
-21583.93939
-21581.47292
-21579.0053
-21576.53647
-21574.06659
-21571.5955
-21569.12326
-21566.64992
-21564.17543
-21561.69978
-21559.22293
-21556.74497
-21554.26591
-21551.7856
-21549.30423
-21546.82166
-21544.33793
-21541.85305
-21539.36707
-21536.87989
-21534.39154
-21531.9021
-21529.41145
-21526.91965
-21524.42674
-21521.93258
-21519.43737
-21516.94095
-21514.44338
-21511.94465
-21509.44477
-21506.94373
-21504.44149
-21501.93815
-21499.4336
-21496.92795
-21494.42104
-21491.91308
-21489.40392
-21486.89355
-21484.38202
-21481.8694
-21479.35556
-21476.84058
-21474.32444
-21471.80709
-21469.28859
-21466.76899
-21464.24812
-21461.72611
-21459.20299
-21456.67862
-21454.15314
-21451.62651
-21449.09862
-21446.56963
-21444.03948
-21441.50808
-21438.97563
-21436.44186
-21433.90705
-21431.37098
-21428.83375
-21426.29537
-21423.75578
-21421.2151
-21418.67315
-21416.13005
-21413.58579
-21411.04033
-21408.49372
-21405.9459
-21403.39692
-21400.84679
-21398.29541
-21395.74292
-21393.18922
-21390.63432
-21388.07821
-21385.521
-21382.96258
-21380.40296
-21377.84213
-21375.2802
-21372.71701
-21370.15267
-21367.58712
-21365.02036
-21362.4525
-21359.88339
-21357.31307
-21354.74164
-21352.16896
-21349.59512
-21347.02008
-21344.44383
-21341.86642
-21339.28776
-21336.708
-21334.12703
-21331.5448
-21328.96141
-21326.37688
-21323.79108
-21321.20408
-21318.61597
-21316.02661
-21313.43604
-21310.84427
-21308.25134
-21305.6572
-21303.06191
-21300.46531
-21297.86756
-21295.26865
-21292.66853
-21290.06716
-21287.46463
-21284.8609
-21282.25596
-21279.64981
-21277.04246
-21274.43395
-21271.82413
-21269.21321
-21266.60098
-21263.9877
-21261.37305
-21258.75731
-21256.1403
-21253.52209
-21250.90273
-21248.2821
-21245.66027
-21243.03724
-21240.413
-21237.78755
-21235.16084
-21232.53303
-21229.90391
-21227.27363
-21224.6421
-21222.00941
-21219.37541
-21216.74031
-21214.1039
-21211.46639
-21208.82751
-21206.18753
-21203.5463
-21200.90385
-21198.26015
-21195.6153
-21192.96923
-21190.32186
-21187.67328
-21185.0236
-21182.37255
-21179.72035
-21177.06695
-21174.41228
-21171.75641
-21169.09934
-21166.441
-21163.78146
-21161.12066
-21158.4587
-21155.79543
-21153.13107
-21150.46533
-21147.79845
-21145.1303
-21142.46095
-21139.79034
-21137.11858
-21134.4455
-21131.77122
-21129.09574
-21126.41894
-21123.74104
-21121.06182
-21118.38135
-21115.69973
-21113.01679
-21110.33265
-21107.6473
-21104.9607
-21102.27283
-21099.58376
-21096.89343
-21094.20194
-21091.50909
-21088.81504
-21086.11983
-21083.42325
-21080.72558
-21078.02654
-21075.32635
-21072.62485
-21069.92214
-21067.21817
-21064.51299
-21061.80656
-21059.09881
-21056.38997
-21053.6797
-21050.96834
-21048.25566
-21045.54178
-21042.82659
-21040.11014
-21037.39253
-21034.67361
-21031.95349
-21029.23205
-21026.50941
-21023.78551
-21021.06035
-21018.33394
-21015.60626
-21012.87738
-21010.14723
-21007.41578
-21004.68312
-21001.94915
-20999.21403
-20996.47759
-20993.73989
-20991.00089
-20988.26073
-20985.51926
-20982.77653
-20980.03259
-20977.28729
-20974.54084
-20971.79307
-20969.04399
-20966.29376
-20963.54222
-20960.78937
-20958.03536
-20955.27999
-20952.52336
-20949.76558
-20947.00638
-20944.24602
-20941.48441
-20938.72143
-20935.95725
-20933.19181
-20930.42506
-20927.6571
-20924.88777
-20922.1173
-20919.34551
-20916.57241
-20913.79805
-20911.02243
-20908.24561
-20905.46737
-20902.68798
-20899.90727
-20897.12531
-20894.34203
-20891.55755
-20888.77171
-20885.9846
-20883.19629
-20880.40662
-20877.61574
-20874.82354
-20872.03004
-20869.23533
-20866.43926
-20863.64203
-20860.84339
-20858.04349
-20855.24238
-20852.43996
-20849.63623
-20846.83124
-20844.02494
-20841.21738
-20838.40856
-20835.59837
-20832.78699
-20829.97423
-20827.16027
-20824.345
-20821.52842
-20818.71053
-20815.89138
-20813.07097
-20810.24925
-20807.42621
-20804.60192
-20801.77632
-20798.9494
-20796.12123
-20793.29174
-20790.461
-20787.62889
-20784.79553
-20781.9609
-20779.12497
-20776.28767
-20773.44916
-20770.60929
-20767.76821
-20764.92572
-20762.08197
-20759.23696
-20756.39064
-20753.54301
-20750.69406
-20747.84381
-20744.99224
-20742.13947
-20739.28528
-20736.42983
-20733.57312
-20730.715
-20727.85567
-20724.99503
-20722.13303
-20719.26976
-150690457.1
