-10424.57151
-10406.59929
-10388.52197
-10370.44464
-10352.41987
-10334.34255
-10316.26523
-10298.13536
-10280.05803
-10261.98071
-10243.79829
-10225.72097
-10207.53855
-10189.35612
-10171.22625
-10153.09638
-10134.8614
-10116.67898
-10098.44401
-10080.26159
-10062.02661
-10043.79164
-10025.55667
-10007.26914
-9989.03417
-9970.799197
-9952.459124
-9934.1716
-9915.884077
-9897.544003
-9879.203929
-9860.916406
-9842.523782
-9824.236258
-9805.791084
-9787.50356
-9769.058386
-9750.665762
-9732.273137
-9713.880513
-9695.435339
-9676.990164
-9658.54499
-9640.099815
-9621.654641
-9603.156916
-9584.711741
-9566.214017
-9547.663741
-9529.166017
-9510.668292
-9492.118017
-9473.620292
-9455.017466
-9436.467191
-9417.916916
-9399.31409
-9380.763815
-9362.108439
-9343.558164
-9324.902788
-9306.247412
-9287.644586
-9269.041761
-9250.333835
-9231.678459
-9212.970532
-9194.315157
-9175.60723
-9156.951854
-9138.191378
-9119.483451
-9100.722975
-9082.015049
-9063.254572
-9044.494095
-9025.733619
-9006.920592
-8988.160115
-8969.347088
-8950.534061
-8931.721034
-8912.908007
-8894.09498
-8875.229403
-8856.363826
-8837.498248
-8818.632671
-8799.714543
-8780.901516
-8761.930838
-8743.065261
-8724.094583
-8705.229005
-8686.258327
-8667.3402
-8648.369522
-8629.398844
-8610.375615
-8591.457488
-8572.48681
-8553.411031
-8534.440353
-8515.417124
-8496.393896
-8477.370668
-8458.294889
-8439.27166
-8420.195882
-8401.120103
-8382.044324
-8362.968545
-8343.840216
-8324.711887
-8305.636108
-8286.507779
-8267.37945
-8248.198571
-8229.070242
-8209.889362
-8190.761033
-8171.527603
-8152.399274
-8133.165844
-8113.984965
-8094.751535
-8075.518105
-8056.284675
-8037.051246
-8017.817816
-7998.584386
-7979.298406
-7960.012426
-7940.726445
-7921.440465
-7902.154485
-7882.815955
-7863.529974
-7844.191444
-7824.852913
-7805.514383
-7786.175852
-7766.837322
-7747.446241
-7728.05516
-7708.664079
-7689.272998
-7669.881917
-7650.490837
-7631.099756
-7611.603574
-7592.212493
-7572.768862
-7553.27268
-7533.8816
-7514.385418
-7494.889236
-7475.445605
-7455.896873
-7436.453242
-7416.90451
-7397.408328
-7377.912147
-7358.363415
-7338.814683
-7319.265951
-7299.664669
-7280.168487
-7260.567205
-7240.965922
-7221.417191
-7201.815908
-7182.214626
-7162.560793
-7142.959511
-7123.358229
-7103.704396
-7084.050563
-7064.449281
-7044.742898
-7025.089065
-7005.382682
-6985.72885
-6966.075017
-6946.316084
-6926.662251
-6906.903318
-6887.196935
-6867.490552
-6847.731618
-6827.972685
-6808.266302
-6788.454818
-6768.748435
-6748.936952
-6729.125468
-6709.419085
-6689.555051
-6669.743567
-6649.984634
-6630.1206
-6610.309116
-6590.497632
-6570.633598
-6550.822114
-6530.90553
-6511.094046
-6491.177462
-6471.365978
-6451.396843
-6431.58536
-6411.616225
-6391.752191
-6371.835606
-6351.919022
-6331.949887
-6312.085853
-6292.064168
-6272.147584
-6252.230999
-6232.209314
-6212.29273
-6192.271044
-6172.30191
-6152.280224
-6132.31109
-6112.341955
-6092.267719
-6072.298585
-6052.224349
-6032.255214
-6012.128429
-5992.159294
-5972.085058
-5952.010823
-5931.936587
-5911.862352
-5891.840667
-5871.713881
-5851.587095
-5831.512859
-5811.438624
-5791.259288
-5771.185052
-5751.058266
-5730.931481
-5710.752144
-5690.625359
-5670.498573
-5650.319237
-5630.1399
-5609.960564
-5589.833778
-5569.601892
-5549.422556
-5529.243219
-5509.011333
-5488.779446
-5468.60011
-5448.420774
-5428.136337
-5407.90445
-5387.672564
-5367.388127
-5347.15624
-5326.924354
-5306.639917
-5286.35548
-5266.123593
-5245.786606
-5225.502169
-5205.217732
-5184.933295
-5164.596308
-5144.311871
-5123.974884
-5103.637897
-5083.300909
-5062.963922
-5042.626935
-5022.289948
-5001.95296
-4981.563423
-4961.173885
-4940.836898
-4920.44736
-4900.057823
-4879.668285
-4859.278747
-4838.88921
-4818.447122
-4798.057584
-4777.615496
-4757.225959
-4736.783871
-4716.341783
-4695.952245
-4675.457607
-4655.015519
-4634.52088
-4614.131343
-4593.636704
-4573.142066
-4552.647428
-4532.20534
-4511.710702
-4491.216063
-4470.721425
-4450.226787
-4429.679598
-4409.18496
-4388.690321
-4368.090582
-4347.648494
-4327.048755
-4306.554117
-4286.006928
-4265.407189
-4244.912551
-4224.312812
-4203.765623
-4183.165884
-4162.618695
-4142.071507
-4121.419217
-4100.872029
-4080.27229
-4059.672551
-4039.072811
-4018.420522
-3997.873333
-3977.221044
-3956.568755
-3936.021566
-3915.316726
-3894.716987
-3874.064698
-3853.412408
-3832.760119
-3812.10783
-3791.45554
-3770.803251
-3750.098411
-3729.446122
-3708.793832
-3688.088993
-3667.384153
-3646.731863
-3626.027024
-3605.322184
-3584.617344
-3563.912504
-3543.207665
-3522.450275
-3501.797985
-3481.040595
-3460.283205
-3439.578365
-3418.820975
-3398.116135
-3377.358745
-3356.601355
-3335.896515
-3315.086575
-3294.329185
-3273.571795
-3252.814405
-3232.057015
-3211.247074
-3190.489684
-3169.679744
-3148.922353
-3128.112413
-3107.302473
-3086.545082
-3065.735142
-3044.925202
-3024.115261
-3003.25277
-2982.49538
-2961.68544
-2940.822949
-2920.013008
-2899.150518
-2878.393128
-2857.478086
-2836.668146
-2815.805655
-2794.995715
-2774.133224
-2753.270733
-2732.408242
-2711.545751
-2690.683261
-2669.82077
-2648.958279
-2628.095788
-2607.180747
-2586.318256
-2565.455765
-2544.540724
-2523.625683
-2502.815743
-2481.848151
-2460.98566
-2440.070619
-2419.155578
-2398.293087
-2377.325496
-2356.463005
-2335.547964
-2314.580372
-2293.717881
-2272.75029
-2251.835249
-2230.920207
-2209.952616
-2189.037575
-2168.122534
-2147.154942
-2126.239901
-2105.272309
-2084.304718
-2063.389677
-2042.422085
-2021.507044
-2000.486902
-1979.571861
-1958.604269
-1937.636678
-1916.669086
-1895.701495
-1874.733903
-1853.713762
-1832.79872
-1811.778578
-1790.810987
-1769.843395
-1748.875804
-1727.855662
-1706.888071
-1685.867929
-1664.900337
-1643.880195
-1622.912604
-1601.892462
-1580.92487
-1559.852178
-1538.937137
-1517.864445
-1496.896853
-1475.876711
-1454.856569
-1433.836428
-1412.816286
-1391.848694
-1370.776002
-1349.75586
-1328.788269
-1307.715576
-1286.695434
-1265.675293
-1244.655151
-1223.635009
-1202.562317
-1181.594725
-1160.522033
-1139.449341
-1118.481749
-1097.409057
-1076.388915
-1055.316223
-1034.296081
-1013.275939
-992.2032468
-971.1305546
-950.1104127
-929.0902708
-908.0175786
-886.9448864
-865.9247445
-844.8520523
-823.8319104
-802.7066678
-781.7390763
-760.6138337
-739.5936918
-718.5209996
-697.5008577
-676.3756152
-655.3554733
-634.2827811
-613.2626392
-592.1373966
-571.1172547
-549.9920121
-528.9718703
-507.9517284
-486.8264858
-465.7537936
-444.7336517
-423.6084091
-402.5882673
-381.4630247
-360.4428828
-339.3701906
-318.2974983
-297.2248061
-276.1521139
-255.0794216
-234.0067294
-212.9340372
-191.861345
-170.7886527
-149.7159605
-128.6432683
-107.570576
-86.49788382
-65.42519158
-44.35249935
-23.27980713
-2.207114892
18.86557733
39.93826956
61.01096179
82.08365402
103.1563462
124.2290385
145.3017307
166.3744229
187.4996655
208.5198074
229.5924996
250.6651919
271.6853337
292.8105763
313.8832685
334.9559608
356.028653
377.1013452
398.1214871
419.2467297
440.2668716
461.3921141
482.412256
503.4849482
524.5576405
545.6303327
566.7030249
587.7231668
608.8484094
629.8685513
650.9412435
671.9613854
693.086628
714.1067698
735.1794621
756.1996039
777.3248465
798.3449884
819.3651303
840.4903728
861.5105147
882.5306566
903.6033488
924.6760411
945.6961829
966.7163248
987.789017
1008.861709
1029.881851
1050.954543
1071.922135
1093.047377
1114.014969
1135.087661
1156.107803
1177.180495
1198.148087
1219.220779
1240.240921
1261.261063
1282.333755
1303.301347
1324.374039
1345.34163
1366.414323
1387.381914
1408.454606
1429.422198
1450.44234
1471.462482
1492.482623
1513.502765
1534.470357
1555.490499
1576.510641
-52628311.09
