3436.407845
3441.446215
3446.484218
3451.521852
3456.559066
3461.59586
3466.632339
3471.668397
3476.704035
3481.739357
3486.774154
3491.808688
3496.842749
3501.876443
3506.909768
3511.942621
3516.975158
3522.007223
3527.038972
3532.070248
3537.101208
3542.131644
3547.161816
3552.191516
3557.220847
3562.249759
3567.27825
3572.30632
3577.334075
3582.361357
3587.388272
3592.414766
3597.440839
3602.466545
3607.491778
3612.516695
3617.54114
3622.565164
3627.588873
3632.612056
3637.634924
3642.657319
3647.679346
3652.700953
3657.722139
3662.742905
3667.763304
3672.783229
3677.802734
3682.821923
3687.840587
3692.858883
3697.876811
3702.894214
3707.911302
3712.927969
3717.94411
3722.959937
3727.975342
3732.990275
3738.004788
3743.018985
3748.032604
3753.045908
3758.058791
3763.071202
3768.083192
3773.094814
3778.105963
3783.116745
3788.127001
3793.136941
3798.146356
3803.155456
3808.164031
3813.172237
3818.179971
3823.187284
3828.194229
3833.200649
3838.206753
3843.212332
3848.217491
3853.222281
3858.226546
3863.230496
3868.233868
3873.236925
3878.239561
3883.241619
3888.243414
3893.244631
3898.245481
3903.24591
3908.245866
3913.245401
3918.244517
3923.243159
3928.241381
3933.23913
3938.236511
3943.233366
3948.229802
3953.225869
3958.221411
3963.216532
3968.211233
3973.205461
3978.199269
3983.192656
3988.185518
3993.177959
3998.170033
4003.161581
4008.152656
4013.143363
4018.133597
4023.123411
4028.112699
4033.101567
4038.089962
4043.077989
4048.065543
4053.052572
4058.03918
4063.025368
4068.011083
4072.996325
4077.981147
4082.965495
4087.949423
4092.932826
4097.915861
4102.898318
4107.880459
4112.862023
4117.843166
4122.823888
4127.804138
4132.783915
4137.763218
4142.742049
4147.72046
4152.698397
4157.675862
4162.652906
4167.629372
4172.605522
4177.581095
4182.556247
4187.530979
4192.505133
4197.478919
4202.452232
4207.42502
4212.397387
4217.369228
4222.340702
4227.311598
4232.282073
4237.252128
4242.221605
4247.190661
4252.159297
4257.127408
4262.095045
4267.06221
4272.028902
4276.99512
4281.960919
4286.926139
4291.890939
4296.855318
4301.81912
4306.782501
4311.745356
4316.707791
4321.669701
4326.63119
4331.592154
4336.552644
4341.512662
4346.472207
4351.431226
4356.389825
4361.347899
4366.305499
4371.262627
4376.219229
4381.17541
4386.131066
4391.08625
4396.040907
4400.995144
4405.948909
4410.902095
4415.854808
4420.807101
4425.758868
4430.71011
4435.660932
4440.611228
4445.561051
4450.510348
4455.45912
4460.407524
4465.355298
4470.302704
4475.249531
4480.195886
4485.141715
4490.087124
4495.031955
4499.976365
4504.920197
4509.863609
4514.806495
4519.748856
4524.690744
4529.632107
4534.573049
4539.513413
4544.453251
4549.392669
4554.331562
4559.269929
4564.207823
4569.145191
4574.082034
4579.018457
4583.954249
4588.889673
4593.824467
4598.75884
4603.692688
4608.62601
4613.558859
4618.49113
4623.422981
4628.354254
4633.285054
4638.215328
4643.145129
4648.074353
4653.003103
4657.93138
4662.85908
4667.786306
4672.712954
4677.639182
4682.564885
4687.490009
4692.41466
4697.338786
4702.262387
4707.185461
4712.108063
4717.03014
4721.951691
4726.872664
4731.793216
4736.71319
4741.632692
4746.551563
4751.470066
4756.387938
4761.305338
4766.222159
4771.138507
4776.054383
4780.969628
4785.8844
4790.798646
4795.712367
4800.625562
4805.538232
4810.450377
4815.361996
4820.273089
4825.183657
4830.093647
4835.003216
4839.912155
4844.820568
4849.728561
4854.635871
4859.54276
4864.449124
4869.354858
4874.260118
4879.164853
4884.069062
4888.972746
4893.875851
4898.778432
4903.680486
4908.582016
4913.482967
4918.383445
4923.283345
4928.18272
4933.081569
4937.979893
4942.877586
4947.774858
4952.671501
4957.56767
4962.463261
4967.358326
4972.252814
4977.146828
4982.040265
4986.933123
4991.825456
4996.717316
5001.608493
5006.499249
5011.389428
5016.27908
5021.168103
5026.056652
5030.944623
5035.832069
5040.718989
5045.605279
5050.491096
5055.376334
5060.260995
5065.145182
5070.028739
5074.911771
5079.794329
5084.676205
5089.557607
5094.438432
5099.318678
5104.198451
5109.077594
5113.956211
5118.834303
5123.711764
5128.588753
5133.46511
5138.340942
5143.216249
5148.090977
5152.965128
5157.8387
5162.711747
5167.584269
5172.45616
5177.327525
5182.198365
5187.068574
5191.938258
5196.807363
5201.675944
5206.543946
5211.411317
5216.278216
5221.144536
5226.010226
5230.87539
5235.740029
5240.604038
5245.46752
5250.330425
5255.192804
5260.0545
5264.915724
5269.776369
5274.636383
5279.495925
5284.354835
5289.213168
5294.070923
5298.928152
5303.784804
5308.640824
5313.496372
5318.351236
5323.205628
5328.059336
5332.912572
5337.765177
5342.617203
5347.468705
5352.319575
5357.169868
5362.019635
5366.868772
5371.717383
5376.565363
5381.412766
5386.259642
5391.105889
5395.951557
5400.796647
5405.641212
5410.485146
5415.328502
5420.171227
5425.01348
5429.855049
5434.696093
5439.536506
5444.376393
5449.21565
5454.054329
5458.892483
5463.729953
5468.566846
5473.403212
5478.238949
5483.074159
5487.908687
5492.742689
5497.57606
5502.408906
5507.241122
5512.072706
5516.903765
5521.734194
5526.564045
5531.393317
5536.222012
5541.050023
5545.877561
5550.704416
5555.530693
5560.356392
5565.181514
5570.005951
5574.829916
5579.653251
5584.475902
5589.29808
5594.119575
5598.940439
5603.760831
5608.580539
5613.39967
5618.218169
5623.036091
5627.853434
5632.670147
5637.48623
5642.301787
5647.11666
5651.931008
5656.744726
5661.557813
5666.370322
5671.1822
5675.993501
5680.80417
5685.614262
5690.423723
5695.232606
5700.040858
5704.84848
5709.655576
5714.461989
5719.267772
5724.073029
5728.877655
5733.681651
5738.485016
5743.287751
5748.08996
5752.891538
5757.692433
5762.492803
5767.29249
5772.091598
5776.890076
5781.687924
5786.485246
5791.281884
5796.077893
5800.87327
5805.668122
5810.462291
5815.255829
5820.048789
5824.841119
5829.632818
5834.423939
5839.214377
5844.004236
5848.793518
5853.582064
5858.370085
5863.157474
5867.944181
5872.730362
5877.515808
5882.300728
5887.084965
5891.868623
5896.651652
5901.433997
5906.215764
5910.996953
5915.777406
5920.557333
5925.336578
5930.115192
5934.893175
5939.670633
5944.447303
5949.223499
5953.99896
5958.773791
5963.548043
5968.321665
5973.094656
5977.866964
5982.638693
5987.40974
5992.180261
5996.949994
6001.719254
6006.487726
6011.255725
6016.022935
6020.78962
6025.555622
6030.321046
6035.085734
6039.849844
6044.613324
6049.376172
6054.138391
6058.899926
6063.66083
6068.421104
6073.1808
6077.93976
6082.698142
6087.455894
6092.212962
6096.9694
6101.725207
6106.480331
6111.234929
6115.988739
6120.742024
6125.494573
6130.246596
6134.997832
6139.748541
6144.498515
6149.247911
6153.996624
6158.744706
6163.492158
6168.238979
6172.985064
6177.730571
6182.475448
6187.219642
6191.963152
6196.706084
6201.448333
6206.189952
6210.930887
6215.671192
6220.410813
6225.149857
6229.888217
6234.625895
6239.362941
6244.099305
6248.83509
6253.57014
6258.304611
6263.038347
6267.771505
6272.503927
6277.235824
6281.966933
6286.69741
6291.42731
6296.156422
6300.885008
6305.612911
6310.340078
6315.066667
6319.79252
6324.517796
6329.242388
6333.966297
6338.689523
6343.412171
6348.134083
6352.855364
-142045987.8
