36868.30514
36865.79789
36863.28292
36860.76017
36858.22962
36855.69123
36853.14499
36850.59086
36848.0288
36845.4588
36842.88082
36840.29483
36837.7008
36835.09869
36832.48849
36829.87016
36827.24366
36824.60897
36821.96606
36819.31489
36816.65544
36813.98767
36811.31154
36808.62703
36805.93412
36803.23274
36800.5229
36797.80454
36795.07764
36792.34217
36789.59808
36786.84535
36784.08395
36781.31383
36778.53498
36775.74734
36772.9509
36770.14562
36767.33145
36764.50837
36761.67634
36758.83534
36755.9853
36753.12623
36750.25806
36747.38077
36744.49432
36741.59869
36738.69381
36735.77968
36732.85624
36729.92346
36726.9813
36724.02973
36721.06873
36718.09822
36715.11819
36712.12862
36709.12942
36706.1206
36703.1021
36700.07389
36697.03594
36693.98817
36690.9306
36687.86315
36684.7858
36681.69849
36678.6012
36675.49389
36672.37651
36669.24903
36666.11139
36662.96357
36659.80552
36656.63721
36653.45859
36650.26961
36647.07023
36643.86043
36640.64015
36637.40936
36634.16799
36630.91602
36627.65342
36624.38011
36621.09608
36617.80127
36614.49563
36611.17915
36607.85174
36604.51338
36601.16404
36597.80363
36594.43216
36591.04954
36587.65575
36584.25073
36580.83444
36577.40685
36573.96788
36570.5175
36567.05568
36563.58234
36560.09747
36556.60099
36553.09286
36549.57305
36546.04148
36542.49814
36538.94294
36535.37587
36531.79685
36528.20585
36524.6028
36520.98768
36517.36041
36513.72095
36510.06926
36506.40528
36502.72895
36499.04024
36495.33907
36491.62541
36487.89919
36484.16038
36480.40891
36476.64473
36472.86778
36469.07803
36465.2754
36461.45985
36457.63131
36453.78974
36449.93509
36446.06728
36442.18628
36438.29202
36434.38444
36430.4635
36426.52912
36422.58127
36418.61987
36414.64487
36410.65621
36406.65384
36402.63769
36398.60771
36394.56382
36390.506
36386.43414
36382.34823
36378.24816
36374.13391
36370.0054
36365.86257
36361.70536
36357.53371
36353.34755
36349.14682
36344.93145
36340.7014
36336.45658
36332.19694
36327.9224
36323.63292
36319.32842
36315.00882
36310.67408
36306.32412
36301.95887
36297.57828
36293.18226
36288.77075
36284.3437
36279.90101
36275.44264
36270.9685
36266.47853
36261.97265
36257.45081
36252.91291
36248.35892
36243.78872
36239.20227
36234.59949
36229.9803
36225.34465
36220.69242
36216.02359
36211.33805
36206.63575
36201.91658
36197.18049
36192.42741
36187.65725
36182.86993
36178.06539
36173.24352
36168.40428
36163.54756
36158.67331
36153.78143
36148.87183
36143.94447
36138.99922
36134.03604
36129.05483
36124.0555
36119.03798
36114.00219
36108.94803
36103.87544
36098.78431
36093.67457
36088.54612
36083.3989
36078.2328
36073.04774
36067.84365
36062.62041
36057.37796
36052.1162
36046.83502
36041.53437
36036.21413
36030.87423
36025.51456
36020.13503
36014.73557
36009.31606
36003.87642
35998.41655
35992.93637
35987.43576
35981.91464
35976.37292
35970.8105
35965.22726
35959.62313
35953.998
35948.35178
35942.68436
35936.99564
35931.28553
35925.55392
35919.8007
35914.02579
35908.22907
35902.41045
35896.5698
35890.70705
35884.82207
35878.91476
35872.98502
35867.03273
35861.05781
35855.0601
35849.03954
35842.99601
35836.92938
35830.83956
35824.72642
35818.58987
35812.42978
35806.24603
35800.03854
35793.80716
35787.55179
35781.27231
35774.96859
35768.64055
35762.28804
35755.91094
35749.50916
35743.08254
35736.63098
35730.15437
35723.65255
35717.12544
35710.57288
35703.99478
35697.39099
35690.76139
35684.10586
35677.42425
35670.71646
35663.98234
35657.22177
35650.43463
35643.62076
35636.78006
35629.91237
35623.01757
35616.09552
35609.14609
35602.16913
35595.16453
35588.13212
35581.07179
35573.98338
35566.86676
35559.72178
35552.54831
35545.3462
35538.1153
35530.85549
35523.56658
35516.24847
35508.90098
35501.52398
35494.11733
35486.68084
35479.2144
35471.71784
35464.191
35456.63375
35449.04592
35441.42734
35433.77789
35426.09738
35418.38567
35410.64259
35402.86798
35395.0617
35387.22355
35379.3534
35371.45106
35363.51638
35355.5492
35347.54933
35339.51663
35331.4509
35323.352
35315.21973
35307.05393
35298.85445
35290.62106
35282.35363
35274.05198
35265.7159
35257.34525
35248.93983
35240.49945
35232.02395
35223.51313
35214.96681
35206.38481
35197.76692
35189.11298
35180.42278
35171.69615
35162.93287
35154.13278
35145.29567
35136.42133
35127.50959
35118.56024
35109.57307
35100.54789
35091.4845
35082.3827
35073.24228
35064.06303
35054.84476
35045.58724
35036.29028
35026.95364
35017.57714
35008.16057
34998.70368
34989.20628
34979.66815
34970.08906
34960.4688
34950.80715
34941.10388
34931.35877
34921.57158
34911.74211
34901.8701
34891.95535
34881.99761
34871.99665
34861.95223
34851.86411
34841.73208
34831.55587
34821.33525
34811.06999
34800.75982
34790.40452
34780.00383
34769.5575
34759.06529
34748.52693
34737.94219
34727.31079
34716.63248
34705.90702
34695.13413
34684.31357
34673.44503
34662.52829
34651.56308
34640.5491
34629.48612
34618.37383
34607.21197
34596.00028
34584.73846
34573.42625
34562.06335
34550.64948
34539.18438
34527.66773
34516.09926
34504.47866
34492.80566
34481.07997
34469.30126
34457.46927
34445.58367
34433.64417
34421.65047
34409.60226
34397.49923
34385.34107
34373.12747
34360.85811
34348.53268
34336.15086
34323.71232
34311.21675
34298.66383
34286.05321
34273.38458
34260.6576
34247.87195
34235.02727
34222.12323
34209.15951
34196.13574
34183.05159
34169.90671
34156.70075
34143.43337
34130.10419
34116.71287
34103.25905
34089.74237
34076.16246
34062.51896
34048.8115
34035.03971
34021.2032
34007.30163
33993.33458
33979.3017
33965.20259
33951.03687
33936.80415
33922.50404
33908.13614
33893.70006
33879.19539
33864.62176
33849.97872
33835.26589
33820.48285
33805.62919
33790.7045
33775.70835
33760.64033
33745.50002
33730.28696
33715.00076
33699.64096
33684.20714
33668.69886
33653.11566
33637.45713
33621.72279
33605.91219
33590.0249
33574.06044
33558.01837
33541.89822
33525.69951
33509.42178
33493.06456
33476.62738
33460.10976
33443.51119
33426.83122
33410.06933
33393.22507
33376.2979
33359.28735
33342.1929
33325.01406
33307.75031
33290.40114
33272.96604
33255.44448
33237.83594
33220.1399
33202.35582
33184.48318
33166.52143
33148.47003
33130.32844
33112.09611
33093.77249
33075.35702
33056.84913
33038.24828
33019.55389
33000.76538
32981.8822
32962.90374
32943.82944
32924.6587
32905.39094
32886.02555
32866.56194
32846.99952
32827.33766
32807.57577
32787.7132
32767.74936
32747.68363
32727.51537
32707.24394
32686.86873
32666.38905
32645.80432
32625.11383
32604.31697
32583.41305
32562.40142
32541.28143
32520.05236
32498.71359
32477.26441
32455.70412
32434.03207
32412.24752
32390.34981
32368.3382
32346.21201
32323.97051
32301.61298
32279.13871
32256.54696
32233.83699
32211.00808
32188.05947
32164.99042
32141.80018
32118.48798
32095.05306
32071.49466
32047.812
32024.0043
32000.07076
31976.01063
31951.82308
31927.50732
31903.06255
31878.48795
31853.78272
31828.94602
31803.97703
31778.87492
31753.63884
31728.26797
31702.76143
31677.11839
31651.33797
31625.41932
31599.36157
31573.16382
31546.82521
31520.34483
31493.7218
31466.95522
31440.04416
31412.98774
31385.78502
31358.43508
31330.937
31303.28981
31275.49261
31247.54442
31219.44429
31191.19127
17256908.21
