28192.63998
28163.71689
28134.69121
28105.56257
28076.33059
28046.9949
28017.55511
27988.01084
27958.36172
27928.60736
27898.74737
27868.78138
27838.70899
27808.52981
27778.24348
27747.84958
27717.34774
27686.73756
27656.01866
27625.19064
27594.2531
27563.20566
27532.04793
27500.77949
27469.39997
27437.90896
27406.30605
27374.59088
27342.76301
27310.82206
27278.76762
27246.5993
27214.31668
27181.91937
27149.40697
27116.77905
27084.03524
27051.17511
27018.19824
26985.10427
26951.89273
26918.56326
26885.11542
26851.54881
26817.86303
26784.05764
26750.13226
26716.08645
26681.9198
26647.63191
26613.22236
26578.69072
26544.03659
26509.25954
26474.35917
26439.33503
26404.18674
26368.91385
26333.51596
26297.99264
26262.34346
26226.56803
26190.66589
26154.63664
26118.47986
26082.19511
26045.78199
26009.24006
25972.56888
25935.76807
25898.83716
25861.77575
25824.58342
25787.25972
25749.80424
25712.21655
25674.49622
25636.64283
25598.65595
25560.53516
25522.28001
25483.8901
25445.36498
25406.70424
25367.90745
25328.97416
25289.90397
25250.69644
25211.35114
25171.86765
25132.24552
25092.48436
25052.58371
25012.54316
24972.36227
24932.0406
24891.57777
24850.9733
24810.2268
24769.33782
24728.30594
24687.13074
24645.81179
24604.34866
24562.74094
24520.98818
24479.08998
24437.0459
24394.85552
24352.51842
24310.03416
24267.40236
24224.62255
24181.69434
24138.6173
24095.391
24052.01503
24008.48898
23964.81242
23920.98493
23877.00611
23832.87553
23788.59278
23744.15744
23699.56911
23654.82736
23609.93181
23564.88201
23519.67758
23474.3181
23428.80315
23383.13236
23337.30529
23291.32156
23245.18076
23198.88248
23152.42633
23105.81191
23059.03882
23012.10667
22965.01505
22917.7636
22870.35189
22822.77955
22775.04619
22727.15143
22679.09487
22630.87613
22582.49484
22533.95061
22485.24306
22436.37182
22387.33651
22338.13677
22288.77222
22239.24248
22189.54721
22139.68601
22089.65855
22039.46446
21989.10338
21938.57495
21887.87882
21837.01465
21785.98207
21734.78074
21683.41033
21631.87049
21580.16087
21528.28115
21476.23098
21424.01006
21371.61802
21319.05456
21266.31936
21213.41208
21160.33242
21107.08006
21053.6547
21000.05601
20946.2837
20892.33747
20838.21701
20783.92204
20729.45226
20674.80738
20619.98711
20564.99118
20509.81931
20454.47121
20398.94662
20343.24529
20287.36692
20231.31127
20175.0781
20118.66711
20062.07811
20005.31081
19948.36499
19891.24041
19833.93683
19776.45404
19718.7918
19660.9499
19602.92811
19544.72623
19486.34405
19427.78137
19369.03799
19310.11373
19251.00838
19191.72177
19132.25371
19072.60405
19012.77258
18952.75918
18892.56366
18832.18588
18771.62569
18710.88293
18649.95748
18588.84921
18527.55797
18466.08365
18404.42614
18342.58531
18280.56107
18218.3533
18155.96193
18093.38685
18030.62798
17967.68525
17904.55859
17841.24791
17777.75317
17714.07432
17650.21131
17586.16408
17521.93262
17457.51687
17392.91683
17328.13249
17263.16382
17198.01082
17132.6735
17067.15187
17001.44594
16935.55574
16869.48128
16803.22262
16736.77979
16670.15285
16603.34185
16536.34686
16469.16794
16401.80518
16334.25866
16266.52847
16198.61472
16130.51751
16062.23696
15993.77319
15925.12633
15856.29652
15787.2839
15718.08863
15648.71085
15579.15076
15509.40852
15439.48431
15369.37834
15299.09079
15228.62187
15157.97181
15087.14082
15016.12914
14944.937
14873.56467
14802.01239
14730.28044
14658.36907
14586.27858
14514.00926
14441.56142
14368.93533
14296.13135
14223.14978
14149.99096
14076.65523
14003.14295
13929.45447
13855.59017
13781.55041
13707.3356
13632.94611
13558.38237
13483.64477
13408.73376
13333.64974
13258.39318
13182.9645
13107.36419
13031.5927
12955.65052
12879.53812
12803.25601
12726.80468
12650.18467
12573.39648
12496.44065
12419.31774
12342.02828
12264.57284
12186.95199
12109.16631
12031.2164
11953.10285
11874.82627
11796.38727
11717.7865
11639.02458
11560.10218
11481.01992
11401.77849
11322.37857
11242.82084
11163.10599
11083.23473
11003.20777
10923.02585
10842.68968
10762.20002
10681.55763
10600.76325
10519.81767
10438.72166
10357.47602
10276.08155
10194.53906
10112.84936
10031.01331
9949.031711
9866.905438
9784.635336
9702.222285
9619.667144
9536.970827
9454.134205
9371.158199
9288.043712
9204.791674
9121.403032
9037.878705
8954.219664
8870.426857
8786.501271
8702.443873
8618.255657
8533.937619
8449.490771
8364.916125
8280.214706
8195.387556
8110.435714
8025.360226
7940.162165
7854.842586
7769.402583
7683.843238
7598.165644
7512.3709
7426.46014
7340.434464
7254.29501
7168.04292
7081.679334
6995.205418
6908.622319
6821.931218
6735.133298
6648.229736
6561.22174
6474.110499
6386.897237
6299.583167
6212.169509
6124.657509
6037.048401
5949.343435
5861.543874
5773.650962
5685.665992
5597.590232
5509.424972
5421.171486
5332.831098
5244.405099
5155.8948
5067.301528
4978.626599
4889.871352
4801.037121
4712.125253
4623.137092
4534.073999
4444.937346
4355.728479
4266.44879
4177.099655
4087.682457
3998.198583
3908.649437
3819.03641
3729.360927
3639.62437
3549.82819
3459.973773
3370.062575
3280.096011
3190.075514
3100.002535
3009.878508
2919.704879
2829.483109
2739.214654
2648.900962
2558.543502
2468.143749
2377.703165
2287.223225
2196.705402
2106.151188
2015.562054
1924.939493
1834.284992
1743.600037
1652.886133
1562.144771
1471.377445
1380.585661
1289.770923
1198.934729
1108.078592
1017.20402
926.3125169
835.4055953
744.4847793
653.5515667
562.6074763
471.6540265
380.6927363
289.725119
198.7526881
107.7769623
16.7994708
-74.1782782
-165.154766
-256.1284739
-347.0978831
-438.0614751
-529.0177362
-619.9651426
-710.9021861
-801.8273427
-892.73912
-983.635973
-1074.516415
-1165.378931
-1256.222004
-1347.044136
-1437.843813
-1528.619542
-1619.369811
-1710.093127
-1800.787998
-1891.452914
-1982.08639
-2072.686949
-2163.253081
-2253.783322
-2344.276178
-2434.730179
-2525.143842
-2615.515701
-2705.844285
-2796.128133
-2886.365789
-2976.555777
-3066.696661
-3156.786992
-3246.825309
-3336.810193
-3426.740187
-3516.613869
-3606.429814
-3696.186598
-3785.882796
-3875.517
-3965.087808
-4054.5938
-4144.033595
-4233.405799
-4322.70901
-4411.941867
-4501.102976
-4590.190983
-4679.204505
-4768.142202
-4857.002707
-4945.784692
-5034.48679
-5123.107693
-5211.64606
-5300.100577
-5388.469916
-5476.752788
-5564.94788
-5653.053899
-5741.069558
-5828.993585
-5916.824698
-6004.561635
-6092.20313
-6179.747938
-6267.194823
-6354.54253
-6441.789845
-6528.935543
-6615.978406
-6702.917234
-6789.75082
-6876.477987
-6963.09754
-7049.608315
-7136.009143
-7222.298865
-7308.476328
-7394.540398
-7480.489935
-7566.323818
-7652.040935
-7737.640171
-7823.120428
-7908.480623
-7993.719674
-8078.836487
-8163.830033
-8248.699223
-8333.443039
-8418.060414
-8502.550349
-8586.911808
-8671.143779
-8755.245266
-8839.215278
-8923.052827
-9006.756945
-9090.32666
-9173.761021
-9257.059077
-9340.219897
-9423.242553
-9506.126118
-9588.869699
-9671.472377
-9753.93328
-9836.251518
-9918.426216
-10000.45652
-10082.34158
-10164.08054
-10245.67259
-10327.11688
-10408.41261
-10489.55898
-10570.55518
-10651.40044
-10732.09397
-10812.63503
-10893.02283
-10973.25664
-11053.33573
-11133.25936
-11213.02682
-11292.63739
-11372.09038
-11451.38511
-11530.52089
-11609.49704
-11688.31292
-11766.96786
-11845.46124
-11923.79242
-12001.96077
-12079.96568
-12157.80655
-12235.48279
17264281.51
