28652.53897
28625.49542
28598.35837
28571.12748
28543.80242
28516.38284
28488.86841
28461.25876
28433.55357
28405.75249
28377.85515
28349.86124
28321.77039
28293.58224
28265.29648
28236.9127
28208.43061
28179.84981
28151.16998
28122.39074
28093.51174
28064.53264
28035.45306
28006.27266
27976.99107
27947.60793
27918.12289
27888.53558
27858.84564
27829.05271
27799.15642
27769.15641
27739.05231
27708.84375
27678.53038
27648.11181
27617.5877
27586.95765
27556.2213
27525.37829
27494.42823
27463.37076
27432.2055
27400.93209
27369.55013
27338.05927
27306.45912
27274.7493
27242.92944
27210.99917
27178.95808
27146.80582
27114.542
27082.16624
27049.67816
27017.07736
26984.36349
26951.53614
26918.59493
26885.53947
26852.36939
26819.0843
26785.6838
26752.16752
26718.53507
26684.78604
26650.92006
26616.93675
26582.83569
26548.61652
26514.27882
26479.82222
26445.24633
26410.55074
26375.73507
26340.79893
26305.7419
26270.56362
26235.26367
26199.84167
26164.29721
26128.62992
26092.83938
26056.92519
26020.88698
25984.72432
25948.43685
25912.02413
25875.4858
25838.82144
25802.03065
25765.11304
25728.06822
25690.89577
25653.5953
25616.16641
25578.60871
25540.92178
25503.10524
25465.15868
25427.0817
25388.87391
25350.53489
25312.06425
25273.46161
25234.72653
25195.85865
25156.85753
25117.72281
25078.45406
25039.05089
24999.51291
24959.83971
24920.03088
24880.08606
24840.0048
24799.78673
24759.43145
24718.93856
24678.30766
24637.53835
24596.63025
24555.58293
24514.39602
24473.06912
24431.60182
24389.99374
24348.24448
24306.35365
24264.32086
24222.14568
24179.82778
24137.36671
24094.76211
24052.01358
24009.12073
23966.08318
23922.90053
23879.57239
23836.09838
23792.47811
23748.7112
23704.79726
23660.7359
23616.52676
23572.16942
23527.66354
23483.00871
23438.20457
23393.25073
23348.14681
23302.89245
23257.48727
23211.93089
23166.22293
23120.36304
23074.35085
23028.18597
22981.86804
22935.39671
22888.7716
22841.99235
22795.05861
22747.96999
22700.72617
22653.32677
22605.77145
22558.05983
22510.19158
22462.16636
22413.98378
22365.64354
22317.14526
22268.48862
22219.67327
22170.69886
22121.56508
22072.27157
22022.818
21973.20406
21923.42938
21873.49368
21823.39661
21773.13785
21722.71707
21672.13397
21621.38823
21570.47953
21519.40756
21468.17202
21416.77259
21365.20899
21313.4809
21261.58802
21209.53006
21157.30673
21104.91775
21052.36281
20999.64164
20946.75396
20893.69948
20840.47794
20787.08906
20733.53256
20679.80819
20625.91568
20571.85477
20517.6252
20463.22673
20408.65909
20353.92205
20299.01535
20243.93877
20188.69206
20133.27499
20077.68733
20021.92886
19965.99935
19909.89859
19853.62635
19797.18245
19740.56665
19683.77876
19626.81859
19569.68593
19512.3806
19454.90242
19397.25118
19339.42674
19281.42889
19223.25749
19164.91236
19106.39333
19047.70026
18988.833
18929.79139
18870.57529
18811.18456
18751.61909
18691.87872
18631.96334
18571.87284
18511.60709
18451.16599
18390.54944
18329.75733
18268.78957
18207.64608
18146.32677
18084.83155
18023.16037
17961.31316
17899.28984
17837.09036
17774.71469
17712.16275
17649.43453
17586.52997
17523.44907
17460.19179
17396.75811
17333.14803
17269.36154
17205.39864
17141.25934
17076.94364
17012.45159
16947.78318
16882.93847
16817.91748
16752.72026
16687.34686
16621.79733
16556.07175
16490.17019
16424.09269
16357.83938
16291.41032
16224.80562
16158.02539
16091.06971
16023.93872
15956.63255
15889.15131
15821.49515
15753.66422
15685.65866
15617.47862
15549.1243
15480.59584
15411.89343
15343.01726
15273.96753
15204.74444
15135.34819
15065.77901
14996.03711
14926.12274
14856.03612
14785.77752
14715.34718
14644.74537
14573.97235
14503.02841
14431.91383
14360.6289
14289.17393
14217.54923
14145.75512
14073.79191
14001.65994
13929.35957
13856.89113
13784.25499
13711.4515
13638.48105
13565.34401
13492.04078
13418.57177
13344.93736
13271.13798
13197.17405
13123.04602
13048.75431
12974.29938
12899.68168
12824.90168
12749.95986
12674.85669
12599.59268
12524.16831
12448.58411
12372.84058
12296.93826
12220.87768
12144.65937
12068.2839
11991.75183
11915.06372
11838.22015
11761.22171
11684.069
11606.76261
11529.30318
11451.6913
11373.92761
11296.01277
11217.94741
11139.73218
11061.36777
10982.85483
10904.19406
10825.38614
10746.43179
10667.33169
10588.08658
10508.69719
10429.16425
10349.48849
10269.67069
10189.71159
10109.61198
10029.37262
9948.994311
9868.47785
9787.824039
9707.033696
9626.107637
9545.046707
9463.851733
9382.523569
9301.063073
9219.471116
9137.748562
9055.896303
8973.915222
8891.806239
8809.570231
8727.208144
8644.720882
8562.109397
8479.374618
8396.517496
8313.538999
8230.440082
8147.221729
8063.884912
7980.43063
7896.85989
7813.173676
7729.373028
7645.458951
7561.432479
7477.294663
7393.046533
7308.689152
7224.223574
7139.650883
7054.97214
6970.188438
6885.30086
6800.310525
6715.21851
6630.025956
6544.733972
6459.343681
6373.856231
6288.272749
6202.594399
6116.822335
6030.957704
5945.001693
5858.955474
5772.820225
5686.597143
5600.287421
5513.892257
5427.412866
5340.850461
5254.206261
5167.481491
5080.677396
4993.795206
4906.836167
4819.801528
4732.692552
4645.510494
4558.256626
4470.932225
4383.538563
4296.076927
4208.548599
4120.954888
4033.297076
3945.576482
3857.794404
3769.952156
3682.051067
3594.092446
3506.077634
3418.007948
3329.884734
3241.709327
3153.483078
3065.207321
2976.883423
2888.512734
2800.096604
2711.636411
2623.133505
2534.589274
2446.005078
2357.3823
2268.722305
2180.026487
2091.296233
2002.532924
1913.737954
1824.912709
1736.058583
1647.176989
1558.269309
1469.336951
1380.381319
1291.40382
1202.405853
1113.388832
1024.354169
935.303273
846.2375529
757.1584324
668.0673147
578.9656239
489.8547788
400.7361825
311.611275
222.4814487
133.3481488
44.21278373
-44.9232435
-134.0584825
-223.1915354
-312.3209728
-401.4453864
-490.563352
-579.6734404
-668.7742536
-757.8643624
-846.9423583
-936.0068119
-1025.056331
-1114.089491
-1203.104873
-1292.101079
-1381.076702
-1470.030321
-1558.960551
-1647.865966
-1736.74519
-1825.596799
-1914.419416
-2003.211633
-2091.972067
-2180.699321
-2269.392012
-2358.048749
-2446.668164
-2535.248865
-2623.789481
-2712.288645
-2800.744976
-2889.157117
-2977.523707
-3065.843375
-3154.11478
-3242.336568
-3330.507382
-3418.625882
-3506.690739
-3594.700601
-3682.654151
-3770.550053
-3858.386993
-3946.163637
-4033.878692
-4121.530839
-4209.118775
-4296.641197
-4384.096821
-4471.484351
-4558.802509
-4646.050013
-4733.225592
-4820.327967
-4907.3559
-4994.308119
-5081.183372
-5167.98042
-5254.698016
-5341.334949
-5427.88996
-5514.361852
-5600.749407
-5687.051409
-5773.266656
-5859.39396
-5945.432133
-6031.379978
-6117.236332
-6203.00003
-6288.669888
-6374.244777
-6459.723526
-6545.105009
-6630.388086
-6715.571623
-6800.654509
-6885.635627
-6970.513872
-7055.288136
-7139.957346
-7224.520405
-7308.976234
-7393.323779
-7477.561971
-7561.689744
-7645.706074
-7729.60991
-7813.40022
-7897.075998
-7980.636206
-8064.079864
-8147.405945
-8230.613477
-8313.701484
-8396.668967
-8479.514985
-8562.23856
-8644.838763
-8727.314637
-8809.665252
-8891.889689
-8973.987027
-9055.956358
-9137.796782
-9219.507413
-9301.087361
-9382.535755
-9463.851733
-9545.034437
-9626.083012
-9706.996627
-9787.774447
-9868.415646
-9948.919416
-10029.28495
-10109.51145
17415255.67
