-5285.027191
-5496.796581
-5708.063195
-5918.809404
-6129.017801
-6338.671235
-6547.75278
-6756.24576
-6964.13376
-7171.400614
-7378.030438
-7584.007601
-7789.31674
-7993.942808
-8197.870986
-8401.086781
-8603.575978
-8805.324661
-9006.319195
-9206.546252
-9405.992825
-9604.646172
-9802.493896
-9999.523878
-10195.72434
-10391.08378
-10585.59102
-10779.23523
-10972.00583
-11163.89261
-11354.88565
-11544.97533
-11734.15239
-11922.40782
-12109.73298
-12296.11952
-12481.55939
-12666.04485
-12849.56852
-13032.12323
-13213.70221
-13394.29893
-13573.90719
-13752.52109
-13930.135
-14106.74362
-14282.3419
-14456.92512
-14630.48881
-14803.02881
-14974.5412
-15145.02238
-15314.46899
-15482.87796
-15650.24646
-15816.57194
-15981.85209
-16146.08489
-16309.26851
-16471.40142
-16632.48231
-16792.51009
-16951.48392
-17109.4032
-17266.26753
-17422.07674
-17576.83088
-17730.53021
-17883.17518
-18034.76647
-18185.30494
-18334.79164
-18483.22783
-18630.61494
-18776.95457
-18922.24853
-19066.49875
-19209.70739
-19351.87671
-19493.00917
-19633.10739
-19772.1741
-19910.2122
-20047.22474
-20183.21489
-20318.18598
-20452.14142
-20585.08479
-20717.01979
-20847.9502
-20977.87994
-21106.81305
-21234.75364
-21361.70597
-21487.67434
-21612.6632
-21736.67705
-21859.72049
-21981.79824
-22102.91501
-22223.07569
-22342.28517
-22460.54845
-22577.87058
-22694.25666
-22809.7119
-22924.24151
-23037.85078
-23150.54508
-23262.32976
-23373.21028
-23483.19212
-23592.28077
-23700.48184
-23807.80088
-23914.24353
-24019.81545
-24124.52232
-24228.36985
-24331.36378
-24433.50985
-24534.81385
-24635.28156
-24734.9188
-24833.73138
-24931.72511
-25028.90586
-25125.27947
-25220.85177
-25315.62864
-25409.61592
-25502.81947
-25595.24516
-25686.89883
-25777.78634
-25867.91352
-25957.28622
-26045.91025
-26133.79146
-26220.93563
-26307.34856
-26393.03605
-26478.00385
-26562.25773
-26645.8034
-26728.64659
-26810.79302
-26892.24834
-26973.01823
-27053.10831
-27132.52421
-27211.27152
-27289.35581
-27366.78263
-27443.5575
-27519.68589
-27595.1733
-27670.02515
-27744.24688
-27817.84383
-27890.82139
-27963.18487
-28034.93959
-28106.09079
-28176.64373
-28246.60359
-28315.97557
-28384.76479
-28452.97637
-28520.6154
-28587.68689
-28654.1959
-28720.14736
-28785.54625
-28850.39748
-28914.7059
-28978.47639
-29041.71373
-29104.42272
-29166.60808
-29228.27453
-29289.42674
-29350.06934
-29410.20694
-29469.84411
-29528.98536
-29587.63521
-29645.79812
-29703.47852
-29760.68079
-29817.40929
-29873.66835
-29929.46225
-29984.79525
-30039.67156
-30094.09537
-30148.07082
-30201.60203
-30254.69308
-30307.34801
-30359.57083
-30411.36552
-30462.73603
-30513.68624
-30564.22004
-30614.34128
-30664.05376
-30713.36124
-30762.26748
-30810.77617
-30858.89099
-30906.61558
-30953.95356
-31000.90848
-31047.4839
-31093.68333
-31139.51025
-31184.96809
-31230.06029
-31274.79022
-31319.16124
-31363.17665
-31406.83978
-31450.15385
-31493.12212
-31535.74777
-31578.03399
-31619.9839
-31661.60062
-31702.88722
-31743.84677
-31784.48227
-31824.79674
-31864.79313
-31904.47437
-31943.84338
-31982.90304
-32021.65621
-32060.10572
-32098.25433
-32136.10484
-32173.66001
-32210.92253
-32247.89512
-32284.58042
-32320.98108
-32357.09972
-32392.93891
-32428.50124
-32463.78923
-32498.8054
-32533.55225
-32568.03222
-32602.24777
-32636.20131
-32669.89523
-32703.33192
-32736.51369
-32769.44289
-32802.12181
-32834.55273
-32866.73791
-32898.67957
-32930.37993
-32961.84118
-32993.06547
-33024.05498
-33054.81179
-33085.33805
-33115.63582
-33145.70714
-33175.5541
-33205.17867
-33234.58289
-33263.76874
-33292.73814
-33321.49308
-33350.03545
-33378.36718
-33406.49014
-33434.4062
-33462.11721
-33489.62498
-33516.93136
-33544.03811
-33570.94701
-33597.65983
-33624.1783
-33650.50415
-33676.63909
-33702.58479
-33728.34294
-33753.91519
-33779.30318
-33804.50853
-33829.53284
-33854.37773
-33879.04474
-33903.53545
-33927.8514
-33951.99412
-33975.96512
-33999.76589
-34023.39794
-34046.86272
-34070.16168
-34093.29628
-34116.26792
-34139.07804
-34161.72802
-34184.21925
-34206.55311
-34228.73093
-34250.75408
-34272.62389
-34294.34165
-34315.9087
-34337.32631
-34358.59577
-34379.71834
-34400.69527
-34421.52782
-34442.21719
-34462.76464
-34483.17133
-34503.43848
-34523.56728
-34543.55887
-34563.41444
-34583.13514
-34602.72206
-34622.17638
-34641.49918
-34660.69159
-34679.75469
-34698.68956
-34717.49728
-34736.1789
-34754.73549
-34773.16808
-34791.47769
-34809.66537
-34827.73211
-34845.67892
-34863.50679
-34881.21669
-34898.80962
-34916.28653
-34933.64836
-34950.89609
-34968.03061
-34985.0529
-35001.96383
-35018.76435
-35035.45534
-35052.03768
-35068.51228
-35084.88001
-35101.14173
-35117.2983
-35133.35058
-35149.29939
-35165.1456
-35180.89
-35196.53344
-35212.07671
-35227.52062
-35242.86597
-35258.11356
-35273.26414
-35288.31851
-35303.27743
-35318.14166
-35332.91195
-35347.58903
-35362.17368
-35376.66659
-35391.0685
-35405.38014
-35419.60221
-35433.7354
-35447.78044
-35461.73799
-35475.60877
-35489.39342
-35503.09263
-35516.70708
-35530.23741
-35543.68428
-35557.04835
-35570.33025
-35583.53062
-35596.65007
-35609.68927
-35622.64881
-35635.52929
-35648.33135
-35661.05556
-35673.70255
-35686.27289
-35698.76716
-35711.18597
-35723.52985
-35735.79942
-35747.99521
-35760.11779
-35772.16772
-35784.14554
-35796.05181
-35807.88706
-35819.65181
-35831.34662
-35842.972
-35854.52846
-35866.01655
-35877.43674
-35888.78956
-35900.07552
-35911.2951
-35922.4488
-35933.5371
-35944.56052
-35955.51949
-35966.41452
-35977.24609
-35988.01463
-35998.72064
-36009.36455
-36019.94684
-36030.46796
-36040.92834
-36051.32844
-36061.66869
-36071.94953
-36082.1714
-36092.33471
-36102.43991
-36112.48739
-36122.4776
-36132.41093
-36142.2878
-36152.10861
-36161.87377
-36171.58368
-36181.23874
-36190.83932
-36200.38584
-36209.87867
-36219.3182
-36228.70479
-36238.03884
-36247.32072
-36256.55078
-36265.72941
-36274.85696
-36283.93379
-36292.96028
-36301.93675
-36310.86356
-36319.74108
-36328.56963
-36337.34958
-36346.08125
-36354.76498
-36363.4011
-36371.98994
-36380.53184
-36389.02712
-36397.4761
-36405.87911
-36414.23644
-36422.54845
-36430.81541
-36439.03766
-36447.2155
-36455.3492
-36463.43911
-36471.48551
-36479.4887
-36487.44896
-36495.3666
-36503.2419
-36511.07517
-36518.86665
-36526.61666
-36534.32547
-36541.99336
-36549.6206
-36557.20747
-36564.75423
-36572.26116
-36579.72853
-36587.1566
-36594.54562
-36601.89587
-36609.20759
-36616.48106
-36623.71651
-36630.91421
-36638.07441
-36645.19733
-36652.28326
-36659.33241
-36666.34503
-36673.32137
-36680.26166
-36687.16614
-36694.03505
-36700.86861
-36707.66706
-36714.43062
-36721.15952
-36727.854
-36734.51426
-36741.14055
-36747.73305
-36754.29203
-36760.81766
-36767.31018
-36773.76981
-36780.19673
-36786.59118
-36792.95335
-36799.28347
-36805.58171
-36811.8483
-36818.08344
-36824.28732
-36830.46015
-36836.60211
-36842.7134
-36848.79424
-36854.84479
-36860.86526
-36866.85584
-36872.8167
-36878.74805
-36884.65006
-36890.52292
-36896.36681
-36902.18191
-36907.96841
-36913.72648
-36919.45629
-36925.15803
-36930.83186
-36936.47798
-36942.09652
-36947.68769
-36953.25163
-36958.78852
-36964.29854
-36969.78183
-36975.23856
-36980.66892
-36986.07303
-36991.45109
-36996.80323
-37002.12962
-37007.43042
-37012.70577
-37017.95585
-37023.18079
-37028.38075
-37033.55589
-37038.70634
-37043.83228
-37048.93383
-37054.01114
-37059.06437
-37064.09365
-37069.09914
-37074.08096
-37079.03927
-37083.9742
-37088.8859
-37093.77449
-37098.64013
-37103.48293
-37108.30306
-37113.10063
-37117.87577
-37122.62863
-37127.35933
-37132.06799
-37136.75476
-37141.41977
-37146.06312
-37150.68497
-37155.28543
-37159.86462
-37164.42267
-37168.95971
-37173.47585
-37177.97122
-37182.44593
-37186.90012
24995269.53
