31214.33355
31190.27202
31166.09331
31141.79678
31117.38173
31092.8475
31068.19342
31043.41879
31018.52294
30993.50516
30968.36477
30943.10107
30917.71335
30892.2009
30866.56302
30840.79899
30814.9081
30788.8896
30762.74278
30736.46692
30710.06125
30683.52508
30656.8576
30630.05812
30603.12585
30576.06005
30548.85996
30521.5248
30494.05381
30466.44621
30438.70123
30410.81807
30382.79596
30354.63409
30326.33168
30297.88791
30269.302
30240.57312
30211.70045
30182.6832
30153.52051
30124.21158
30094.75556
30065.15161
30035.39892
30005.49659
29975.44383
29945.23973
29914.88347
29884.37415
29853.71093
29822.89292
29791.91925
29760.78903
29729.50136
29698.05537
29666.45015
29634.68481
29602.75841
29570.67007
29538.41886
29506.00388
29473.42416
29440.67881
29407.76687
29374.68741
29341.43949
29308.02214
29274.43443
29240.67538
29206.74403
29172.63942
29138.36057
29103.9065
29069.27623
29034.46876
28999.4831
28964.31827
28928.97324
28893.44703
28857.7386
28821.84695
28785.77105
28749.50988
28713.0624
28676.42758
28639.60437
28602.59173
28565.38861
28527.99395
28490.40669
28452.62577
28414.65011
28376.47865
28338.11028
28299.54395
28260.77856
28221.813
28182.6462
28143.27703
28103.7044
28063.92719
28023.94429
27983.75457
27943.3569
27902.75015
27861.93322
27820.90491
27779.66412
27738.2097
27696.54046
27654.65529
27612.55299
27570.23242
27527.69239
27484.93174
27441.94929
27398.74384
27355.31423
27311.65924
27267.77769
27223.66839
27179.33011
27134.76166
27089.96182
27044.92939
26999.66313
26954.16183
26908.42426
26862.4492
26816.23538
26769.78161
26723.08661
26676.14916
26628.968
26581.54187
26533.86954
26485.94973
26437.78119
26389.36265
26340.69284
26291.7705
26242.59434
26193.16311
26143.4755
26093.53024
26043.32607
25992.86166
25942.13576
25891.14705
25839.89425
25788.37607
25736.59119
25684.53833
25632.21619
25579.62344
25526.75881
25473.62097
25420.20862
25366.52045
25312.55513
25258.31138
25203.78787
25148.98329
25093.89631
25038.52563
24982.86995
24926.9279
24870.69822
24814.17956
24757.37061
24700.27005
24642.87658
24585.18886
24527.20559
24468.92544
24410.34712
24351.46928
24292.29064
24232.80987
24173.02566
24112.93673
24052.54173
23991.83938
23930.82837
23869.5074
23807.87518
23745.9304
23683.67178
23621.09803
23558.20784
23494.99996
23431.47308
23367.62595
23303.45728
23238.96581
23174.15028
23109.00941
23043.54197
22977.74669
22911.62234
22845.16767
22778.38146
22711.26247
22643.80948
22576.02128
22507.89666
22439.43441
22370.63334
22301.49228
22232.01001
22162.18539
22092.01724
22021.50441
21950.64575
21879.44012
21807.88639
21735.98345
21663.73017
21591.12546
21518.16822
21444.85738
21371.19186
21297.17062
21222.79259
21148.05673
21072.96205
20997.5075
20921.6921
20845.51485
20768.97478
20692.07096
20614.80239
20537.16817
20459.16738
20380.7991
20302.06247
20222.95658
20143.4806
20063.63367
19983.41497
19902.82371
19821.85906
19740.52027
19658.80659
19576.71725
19494.25156
19411.40881
19328.1883
19244.58938
19160.6114
19076.25375
18991.51582
18906.39701
18820.89678
18735.01458
18648.7499
18562.10222
18475.0711
18387.65606
18299.8567
18211.6726
18123.10338
18034.14869
17944.80821
17855.08161
17764.96864
17674.46902
17583.58255
17492.30901
17400.64823
17308.60007
17216.16441
17123.34116
17030.13027
16936.53168
16842.54541
16748.17149
16653.40996
16558.26092
16462.72448
16366.80079
16270.49004
16173.79243
16076.70821
15979.23765
15881.38108
15783.13882
15684.51126
15585.49881
15486.1019
15386.32103
15286.1567
15185.60948
15084.67993
14983.36867
14881.67638
14779.60374
14677.15149
14574.32038
14471.11122
14367.52487
14263.56219
14159.22412
14054.5116
13949.42562
13843.96724
13738.13752
13631.93758
13525.36856
13418.43168
13311.12815
13203.45926
13095.42632
12987.03069
12878.27376
12769.15698
12659.68182
12549.84982
12439.66253
12329.12157
12218.22856
12106.98523
11995.39328
11883.4545
11771.17072
11658.54379
11545.57562
11432.26814
11318.62337
11204.64332
11090.33007
10975.68576
10860.71253
10745.4126
10629.78821
10513.84167
10397.57529
10280.99149
10164.09264
10046.88125
9929.359822
9811.530896
9693.397068
9574.960981
9456.225315
9337.192792
9217.866192
9098.248295
8978.341969
8858.150112
8737.675649
8616.921555
8495.890852
8374.586588
8253.011884
8131.169856
8009.063699
7886.69663
7764.071901
7641.192834
7518.062739
7394.685017
7271.063077
7147.200367
7023.100397
6898.766673
6774.202778
6649.412324
6524.398924
6399.166284
6273.718088
6148.058103
6022.190098
5896.117892
5769.845334
5643.376294
5516.714695
5389.864486
5262.829632
5135.614141
5008.222065
4880.657451
4752.924407
4625.027049
4496.969544
4368.756048
4240.390787
4111.877986
3983.221895
3854.426809
3725.49702
3596.43686
3467.250688
3337.942863
3208.517793
3078.979886
2949.333568
2819.583306
2689.733565
2559.78883
2429.753608
2299.632418
2169.429808
2039.150311
1908.798504
1778.378955
1647.896262
1517.355016
1386.759833
1256.115327
1125.426137
994.6968873
863.9322348
733.136814
602.3152915
471.4723284
340.6125755
209.7407203
78.86141867
-52.02066813
-182.9008421
-313.774463
-444.6368382
-575.4833064
-706.3092116
-837.1098874
-967.8806778
-1098.616922
-1229.313989
-1359.96724
-1490.572034
-1621.123758
-1751.617797
-1882.049549
-2012.41443
-2142.707847
-2272.92524
-2403.062063
-2533.11377
-2663.075832
-2792.94376
-2922.713035
-3052.379207
-3181.937807
-3311.384403
-3440.714572
-3569.923918
-3699.008063
-3827.96266
-3956.783365
-4085.465878
-4214.0059
-4342.399187
-4470.641491
-4598.728603
-4726.65634
-4854.420546
-4982.017085
-5109.441868
-5236.690812
-5363.759877
-5490.645057
-5617.34236
-5743.847843
-5870.157576
-5996.267691
-6122.17431
-6247.873634
-6373.361863
-6498.635251
-6623.690081
-6748.522655
-6873.129357
-6997.506546
-7121.650657
-7245.558167
-7369.225552
-7492.649377
-7615.8262
-7738.752631
-7861.425343
-7983.841016
-8105.996386
-8227.888216
-8349.513332
-8470.868575
-8591.950846
-8712.757075
-8833.284235
-8953.529347
-9073.489468
-9193.161697
-9312.543176
-9431.631082
-9550.422651
-9668.915145
-9787.105885
-9904.992212
-10022.57153
-10139.84127
-10256.79893
-10373.44203
-10489.76813
-10605.77484
-10721.45984
-10836.8208
-10951.85548
-11066.56165
-11180.93716
-11294.97986
-11408.68767
-11522.05855
-11635.09051
-11747.78158
-11860.12986
-11972.13347
-12083.79059
-12195.09943
-12306.05825
-12416.66535
-12526.91909
-12636.81782
-12746.36
-12855.54408
-12964.36858
-13072.83206
-13180.93309
-13288.67034
-13396.04245
-13503.04815
-13609.68622
-13715.95543
-13821.85462
-13927.38269
-14032.53854
-14137.32113
-14241.72945
-14345.76255
-14449.41949
-14552.69939
-14655.6014
-14758.1247
-14860.26853
-14962.03214
-15063.41482
-15164.41594
-15265.03483
-15365.27094
-15465.12368
-15564.59254
-15663.67704
-15762.37673
-15860.69118
-15958.62002
-16056.16289
-16153.31949
-16250.08951
-16346.47273
-16442.46891
-16538.07787
-16633.29945
-16728.13354
-16822.58004
-16916.63889
-17010.31004
-17103.59351
-17196.48932
-17288.99752
-17381.1182
-17472.85146
-17564.19747
-17655.15636
-17745.72836
-17835.91366
-17925.71253
-18015.12524
-18104.15208
-18192.79339
-18281.04952
-18368.92082
-18456.40772
-18543.51061
-18630.22997
-18716.56626
-18802.51994
-18888.09157
-18973.28166
-19058.09077
-19142.51949
-19226.5684
-19310.23814
-19393.52934
-19476.44266
-19558.97878
-19641.1384
-19722.92225
12891845.99
