4901.742041
4850.320058
4798.870806
4747.394565
4695.891597
4644.362185
4592.806593
4541.225093
4489.617965
4437.985476
4386.327915
4334.64555
4282.93865
4231.207502
4179.452392
4127.673577
4075.871355
4024.046001
3972.197798
3920.327019
3868.433954
3816.51888
3764.582088
3712.62386
3660.644475
3608.644223
3556.623387
3504.582255
3452.521113
3400.440254
3348.339956
3296.220514
3244.082217
3191.925354
3139.750215
3087.557087
3035.346265
2983.118044
2930.872713
2878.61056
2826.331885
2774.036978
2721.726137
2669.399647
2617.057817
2564.700932
2512.329291
2459.943193
2407.542927
2355.128799
2302.701102
2250.260131
2197.806195
2145.33958
2092.860594
2040.369526
1987.866688
1935.352377
1882.826889
1830.290518
1777.74359
1725.186377
1672.619196
1620.042351
1567.456136
1514.860861
1462.256821
1409.644325
1357.023669
1304.395172
1251.759118
1199.115823
1146.465585
1093.808716
1041.145515
988.4762916
935.8013348
883.1209757
830.4354931
777.7452126
725.0504285
672.3514509
619.6485846
566.942129
514.2323996
461.5197011
408.8043383
356.0866108
303.3668338
250.6453121
197.9223452
145.1982433
92.47332158
39.74787437
-12.9777883
-65.70335112
-118.4285303
-171.1529896
-223.8764451
-276.5985817
-329.3190944
-382.0376733
-434.7540188
-487.4678208
-540.1787694
-592.8865702
-645.5909027
-698.2914726
-750.9879698
-803.6800843
-856.3675166
-909.0499566
-961.72711
-1014.398656
-1067.064301
-1119.723735
-1172.376657
-1225.022759
-1277.661739
-1330.29329
-1382.917115
-1435.5329
-1488.140356
-1540.739162
-1593.329035
-1645.909658
-1698.480728
-1751.041956
-1803.59303
-1856.133648
-1908.663518
-1961.182322
-2013.689779
-2066.185582
-2118.669423
-2171.14101
-2223.600043
-2276.046227
-2328.479253
-2380.898836
-2433.304661
-2485.696456
-2538.073899
-2590.436706
-2642.784585
-2695.117223
-2747.434344
-2799.735646
-2852.020832
-2904.289611
-2956.54169
-3008.776769
-3060.994569
-3113.194786
-3165.377136
-3217.541324
-3269.687068
-3321.814056
-3373.922026
-3426.010678
-3478.079714
-3530.128859
-3582.157819
-3634.166317
-3686.154052
-3738.120756
-3790.06613
-3841.989895
-3893.891763
-3945.771459
-3997.628701
-4049.463194
-4101.274675
-4153.06285
-4204.82744
-4256.568172
-4308.284768
-4359.976939
-4411.644427
-4463.286932
-4514.904202
-4566.495944
-4618.061889
-4669.601763
-4721.115305
-4772.602219
-4824.062253
-4875.49513
-4926.900581
-4978.278332
-5029.628116
-5080.949675
-5132.242726
-5183.507016
-5234.742277
-5285.948236
-5337.12464
-5388.271217
-5439.387715
-5490.473859
-5541.529403
-5592.554079
-5643.547624
-5694.509791
-5745.440313
-5796.338942
-5847.20542
-5898.03948
-5948.840886
-5999.609379
-6050.344707
-6101.046608
-6151.714851
-6202.349172
-6252.949326
-6303.515074
-6354.046155
-6404.542332
-6455.003358
-6505.428992
-6555.818986
-6606.173103
-6656.491098
-6706.772733
-6757.017767
-6807.225963
-6857.397079
-6907.53089
-6957.627153
-7007.685628
-7057.706093
-7107.688307
-7157.632048
-7207.537071
-7257.403164
-7307.23008
-7357.017606
-7406.765508
-7456.473566
-7506.14155
-7555.769237
-7605.356409
-7654.902843
-7704.408315
-7753.872613
-7803.295507
-7852.676792
-7902.016246
-7951.31365
-8000.568798
-8049.781469
-8098.951465
-8148.078552
-8197.162539
-8246.203213
-8295.200359
-8344.153784
-8393.063266
-8441.928612
-8490.749615
-8539.526066
-8588.257781
-8636.944539
-8685.586156
-8734.182433
-8782.733154
-8831.238156
-8879.697213
-8928.110147
-8976.476763
-9024.796872
-9073.070274
-9121.296796
-9169.476233
-9217.608411
-9265.693137
-9313.73022
-9361.719493
-9409.660761
-9457.553846
-9505.398568
-9553.194745
-9600.942202
-9648.640767
-9696.290249
-9743.890492
-9791.441305
-9838.942527
-9886.393984
-9933.795508
-9981.146919
-10028.44807
-10075.69877
-10122.89887
-10170.0482
-10217.14659
-10264.1939
-10311.18994
-10358.13457
-10405.02762
-10451.86894
-10498.65838
-10545.39577
-10592.08095
-10638.7138
-10685.29413
-10731.82181
-10778.29669
-10824.71861
-10871.08743
-10917.40301
-10963.6652
-11009.87386
-11056.02883
-11102.12998
-11148.17718
-11194.17027
-11240.10914
-11285.99361
-11331.82359
-11377.59892
-11423.31947
-11468.98511
-11514.59571
-11560.15114
-11605.65126
-11651.09595
-11696.48509
-11741.81854
-11787.09619
-11832.31791
-11877.48359
-11922.59307
-11967.64627
-12012.64307
-12057.58332
-12102.46694
-12147.29379
-12192.06376
-12236.77675
-12281.43263
-12326.0313
-12370.57266
-12415.05658
-12459.48296
-12503.85169
-12548.16268
-12592.41582
-12636.61098
-12680.7481
-12724.82705
-12768.84775
-12812.81009
-12856.71396
-12900.55929
-12944.34596
-12988.0739
-13031.743
-13075.35316
-13118.90431
-13162.39635
-13205.8292
-13249.20276
-13292.51694
-13335.77167
-13378.96685
-13422.10241
-13465.17825
-13508.19432
-13551.15051
-13594.04674
-13636.88297
-13679.65907
-13722.375
-13765.03067
-13807.62602
-13850.16096
-13892.63543
-13935.04935
-13977.40266
-14019.69529
-14061.92717
-14104.09823
-14146.20841
-14188.25764
-14230.24586
-14272.17301
-14314.03902
-14355.84384
-14397.5874
-14439.26965
-14480.89053
-14522.44999
-14563.94796
-14605.3844
-14646.75924
-14688.07245
-14729.32397
-14770.51373
-14811.64171
-14852.70784
-14893.71209
-14934.65439
-14975.53473
-15016.35302
-15057.10926
-15097.80338
-15138.43535
-15179.00512
-15219.51266
-15259.95792
-15300.34088
-15340.66149
-15380.91971
-15421.11552
-15461.24887
-15501.31974
-15541.32809
-15581.27388
-15621.15711
-15660.97771
-15700.73568
-15740.43099
-15780.0636
-15819.63349
-15859.14064
-15898.58502
-15937.96661
-15977.28539
-16016.54133
-16055.73442
-16094.86463
-16133.93195
-16172.93635
-16211.87783
-16250.75636
-16289.57193
-16328.32453
-16367.01413
-16405.64073
-16444.20432
-16482.70489
-16521.14242
-16559.5169
-16597.82833
-16636.07669
-16674.26199
-16712.38422
-16750.44336
-16788.43942
-16826.37238
-16864.24227
-16902.04905
-16939.79273
-16977.47333
-17015.09081
-17052.64522
-17090.13653
-17127.56473
-17164.92986
-17202.2319
-17239.47086
-17276.64675
-17313.75956
-17350.80932
-17387.79603
-17424.71968
-17461.58031
-17498.3779
-17535.11249
-17571.78406
-17608.39265
-17644.93826
-17681.4209
-17717.8406
-17754.19734
-17790.49118
-17826.72211
-17862.89015
-17898.99532
-17935.03764
-17971.01713
-18006.93381
-18042.78768
-18078.5788
-18114.30715
-18149.97279
-18185.57572
-18221.11596
-18256.59356
-18292.00851
-18327.36088
-18362.65065
-18397.87787
-18433.04257
-18468.14476
-18503.18451
-18538.1618
-18573.07668
-18607.92919
-18642.71934
-18677.44719
-18712.11275
-18746.71605
-18781.25715
-18815.73606
-18850.15283
-18884.50748
-18918.80005
-18953.03059
-18987.19912
-19021.30568
-19055.35032
-19089.33306
-19123.25397
-19157.11306
-19190.91038
-19224.64597
-19258.31988
-19291.93214
-19325.48279
-19358.97189
-19392.39947
-19425.76558
-19459.07026
-19492.31356
-19525.49552
-19558.61619
-19591.67561
-19624.67384
-19657.61091
-19690.48689
-19723.30181
-19756.05573
-19788.74868
-19821.38074
-19853.95194
-19886.46233
-19918.91198
-19951.30091
-19983.6292
-20015.8969
-20048.10405
-20080.25071
-20112.33694
-20144.36278
-20176.3283
-20208.23354
-20240.07857
-20271.86345
-20303.58821
-20335.25293
-20366.85767
-20398.40246
-20429.88739
-20461.31251
-20492.67787
-20523.98353
-20555.22955
-20586.416
-20617.54293
-20648.61041
-20679.6185
-20710.56725
-20741.45674
-20772.28701
-20803.05814
-20833.77019
-20864.42322
-20895.0173
-20925.55248
-20956.02884
-20986.44643
-21016.80533
-21047.10561
-21077.34731
-21107.53052
-21137.65529
-21167.7217
-21197.72981
-21227.67969
-21257.57141
-21287.40503
-21317.18063
-21346.89827
-21376.55801
-21406.15994
-21435.70413
-21465.19061
-21494.61951
-21523.99085
-21553.30474
-21582.56122
-21611.76037
-21640.90227
-21669.98698
-21699.01459
33271067.13
