-24240.78612
-24303.91288
-24366.72894
-24429.23557
-24491.43399
-24553.32544
-24614.9112
-24676.19247
-24737.17053
-24797.84663
-24858.222
-24918.29794
-24978.07568
-25037.55648
-25096.7416
-25155.63232
-25214.22988
-25272.53555
-25330.55061
-25388.2763
-25445.71391
-25502.86469
-25559.7299
-25616.31083
-25672.60873
-25728.62486
-25784.3605
-25839.81691
-25894.99536
-25949.8971
-26004.5234
-26058.87554
-26112.95475
-26166.76231
-26220.29949
-26273.56752
-26326.56767
-26379.30121
-26431.76938
-26483.97343
-26535.9146
-26587.59417
-26639.01335
-26690.17342
-26741.07561
-26791.72114
-26842.11128
-26892.24724
-26942.13028
-26991.7616
-27041.14246
-27090.27407
-27139.15765
-27187.79442
-27236.18561
-27284.33241
-27332.23608
-27379.89778
-27427.31874
-27474.50017
-27521.44324
-27568.14917
-27614.61915
-27660.85437
-27706.85602
-27752.62526
-27798.1633
-27843.4713
-27888.55044
-27933.40188
-27978.02679
-28022.42634
-28066.60167
-28110.55396
-28154.28433
-28197.79395
-28241.08395
-28284.15547
-28327.00966
-28369.64763
-28412.07051
-28454.27944
-28496.27552
-28538.05986
-28579.63361
-28620.99782
-28662.15363
-28703.10214
-28743.84441
-28784.38157
-28824.71468
-28864.84483
-28904.77309
-28944.50055
-28984.02825
-29023.35727
-29062.48868
-29101.4235
-29140.16283
-29178.70768
-29217.05909
-29255.21812
-29293.18579
-29330.96312
-29368.55115
-29405.9509
-29443.16337
-29480.18958
-29517.03054
-29553.68724
-29590.16068
-29626.45186
-29662.56176
-29698.49137
-29734.24166
-29769.81361
-29805.2082
-29840.42638
-29875.46911
-29910.33736
-29945.03207
-29979.55419
-30013.90466
-30048.08443
-30082.09442
-30115.93556
-30149.60879
-30183.11501
-30216.45514
-30249.63011
-30282.6408
-30315.48814
-30348.17299
-30380.69628
-30413.05887
-30445.26167
-30477.30554
-30509.19137
-30540.92001
-30572.49236
-30603.90924
-30635.17154
-30666.2801
-30697.23576
-30728.03939
-30758.6918
-30789.19385
-30819.54636
-30849.75016
-30879.80606
-30909.71488
-30939.47746
-30969.09458
-30998.56706
-31027.8957
-31057.08128
-31086.12463
-31115.02648
-31143.78767
-31172.40896
-31200.89111
-31229.23491
-31257.44111
-31285.5105
-31313.44381
-31341.2418
-31368.90525
-31396.43486
-31423.83141
-31451.09561
-31478.22821
-31505.22994
-31532.10152
-31558.84368
-31585.45713
-31611.94259
-31638.30076
-31664.53235
-31690.63807
-31716.61862
-31742.47467
-31768.20694
-31793.81609
-31819.30283
-31844.66782
-31869.91173
-31895.03524
-31920.03903
-31944.92374
-31969.69005
-31994.33858
-32018.87004
-32043.28503
-32067.58421
-32091.76823
-32115.83772
-32139.79331
-32163.63563
-32187.36531
-32210.98298
-32234.48924
-32257.88473
-32281.17004
-32304.3458
-32327.41259
-32350.37103
-32373.22172
-32395.96523
-32418.60219
-32441.13316
-32463.55872
-32485.87948
-32508.09598
-32530.20883
-32552.21857
-32574.1258
-32595.93105
-32617.6349
-32639.23791
-32660.74064
-32682.14361
-32703.4474
-32724.65253
-32745.75957
-32766.76904
-32787.68147
-32808.4974
-32829.21737
-32849.84188
-32870.37148
-32890.80666
-32911.14797
-32931.3959
-32951.55097
-32971.61368
-32991.58454
-33011.46406
-33031.25271
-33050.95102
-33070.55946
-33090.07853
-33109.50872
-33128.85049
-33148.10435
-33167.27077
-33186.35021
-33205.34317
-33224.2501
-33243.07146
-33261.80774
-33280.45938
-33299.02685
-33317.51059
-33335.91108
-33354.22875
-33372.46405
-33390.61744
-33408.68933
-33426.6802
-33444.59047
-33462.42055
-33480.17092
-33497.84197
-33515.43415
-33532.94788
-33550.38356
-33567.74165
-33585.02253
-33602.22664
-33619.35437
-33636.40615
-33653.38238
-33670.28346
-33687.10978
-33703.86178
-33720.53981
-33737.1443
-33753.67562
-33770.13418
-33786.52036
-33802.83454
-33819.07711
-33835.24845
-33851.34893
-33867.37894
-33883.33884
-33899.22903
-33915.04985
-33930.80169
-33946.48489
-33962.09983
-33977.64688
-33993.12638
-34008.5387
-34023.88419
-34039.1632
-34054.37608
-34069.52319
-34084.60487
-34099.62146
-34114.5733
-34129.46075
-34144.28412
-34159.04377
-34173.74002
-34188.37321
-34202.94367
-34217.45172
-34231.8977
-34246.28192
-34260.60471
-34274.86641
-34289.06729
-34303.20771
-34317.28797
-34331.30838
-34345.26926
-34359.17091
-34373.01365
-34386.79777
-34400.52358
-34414.1914
-34427.80151
-34441.3542
-34454.8498
-34468.28856
-34481.67082
-34494.99685
-34508.26692
-34521.48137
-34534.64042
-34547.74442
-34560.79361
-34573.78828
-34586.72872
-34599.6152
-34612.448
-34625.2274
-34637.95366
-34650.62706
-34663.24786
-34675.81636
-34688.33278
-34700.79742
-34713.21054
-34725.57238
-34737.88323
-34750.14333
-34762.35294
-34774.51232
-34786.62173
-34798.68141
-34810.69163
-34822.65261
-34834.56464
-34846.42792
-34858.24274
-34870.00932
-34881.7279
-34893.39874
-34905.02206
-34916.59813
-34928.12714
-34939.60936
-34951.04503
-34962.43436
-34973.77758
-34985.07495
-34996.32667
-35007.53299
-35018.69412
-35029.81029
-35040.88173
-35051.90865
-35062.89128
-35073.82984
-35084.72456
-35095.57563
-35106.38329
-35117.14775
-35127.86921
-35138.5479
-35149.18403
-35159.7778
-35170.32942
-35180.83909
-35191.30705
-35201.73347
-35212.11857
-35222.46256
-35232.76561
-35243.02797
-35253.24979
-35263.4313
-35273.57269
-35283.67414
-35293.73587
-35303.75807
-35313.74091
-35323.6846
-35333.58933
-35343.4553
-35353.28267
-35363.07164
-35372.82241
-35382.53514
-35392.21004
-35401.84728
-35411.44704
-35421.00951
-35430.53486
-35440.02327
-35449.47493
-35458.88999
-35468.26867
-35477.6111
-35486.91748
-35496.18798
-35505.42275
-35514.62201
-35523.78587
-35532.91454
-35542.00818
-35551.06694
-35560.09101
-35569.08054
-35578.03571
-35586.95666
-35595.84356
-35604.6966
-35613.5159
-35622.30165
-35631.05399
-35639.77307
-35648.45909
-35657.11215
-35665.73246
-35674.32013
-35682.87534
-35691.39823
-35699.88895
-35708.34767
-35716.77452
-35725.16966
-35733.53324
-35741.86539
-35750.16629
-35758.43605
-35766.67484
-35774.8828
-35783.06006
-35791.20678
-35799.3231
-35807.40915
-35815.46508
-35823.49103
-35831.48714
-35839.45353
-35847.39036
-35855.29777
-35863.17586
-35871.02481
-35878.84473
-35886.63575
-35894.39803
-35902.13167
-35909.83682
-35917.51361
-35925.16215
-35932.78261
-35940.37508
-35947.93971
-35955.47661
-35962.98592
-35970.46777
-35977.92227
-35985.34956
-35992.74975
-36000.12297
-36007.46935
-36014.789
-36022.08204
-36029.34861
-36036.5888
-36043.80276
-36050.99058
-36058.1524
-36065.28833
-36072.39848
-36079.48298
-36086.54193
-36093.57546
-36100.58368
-36107.56668
-36114.52461
-36121.45756
-36128.36566
-36135.249
-36142.10769
-36148.94186
-36155.75161
-36162.53705
-36169.29828
-36176.03541
-36182.74856
-36189.43782
-36196.10331
-36202.74513
-36209.36337
-36215.95816
-36222.5296
-36229.07777
-36235.60279
-36242.10476
-36248.58378
-36255.03995
-36261.47339
-36267.88417
-36274.27239
-36280.63818
-36286.98161
-36293.3028
-36299.60182
-36305.87878
-36312.1338
-36318.36693
-36324.5783
-36330.76799
-36336.9361
-36343.08272
-36349.20795
-36355.31187
-36361.39459
-36367.45619
-36373.49676
-36379.51639
-36385.51519
-36391.49322
-36397.45059
-36403.3874
-36409.3037
-36415.19961
-36421.07521
-36426.93058
-36432.76581
-36438.581
-36444.37622
-36450.15155
-36455.90709
-36461.64293
-36467.35913
-36473.0558
-36478.733
-36484.39082
-36490.02936
-36495.64867
-36501.24887
-36506.83001
-36512.39217
-36517.93546
-36523.45992
-36528.96568
-36534.45276
-36539.92128
-36545.37132
-36550.80292
-36556.2162
-36561.61122
-36566.98804
-36572.34677
-36577.68746
-36583.01019
-36588.31505
-36593.60209
-36598.87141
-36604.12306
-36609.35714
-36614.5737
-36619.77282
-36624.95458
-36630.11904
-36635.26628
-36640.39638
-36645.50939
-36650.6054
-36655.68446
-36660.74665
-36665.79205
-36670.82072
-36675.83273
-36680.82815
-36685.80704
-36690.76948
-36695.71553
-36700.64526
-36705.55874
-36710.45603
34442547.41
