-6769.922394
-6921.055128
-7071.870395
-7222.362193
-7372.524585
-7522.351726
-7671.837831
-7820.977178
-7969.764137
-8118.193155
-8266.25873
-8413.955459
-8561.278019
-8708.221139
-8854.779653
-9000.948465
-9146.722544
-9292.096963
-9437.066875
-9581.627482
-9725.774104
-9869.502119
-10012.80701
-10155.68432
-10298.12968
-10440.13881
-10581.70752
-10722.83168
-10863.50728
-11003.73035
-11143.49703
-11282.80354
-11421.64619
-11560.02135
-11697.92551
-11835.35522
-11972.30712
-12108.77791
-12244.76443
-12380.26354
-12515.27222
-12649.78753
-12783.8066
-12917.32664
-13050.34498
-13182.85897
-13314.86609
-13446.36388
-13577.34998
-13707.82207
-13837.77794
-13967.21546
-14096.13258
-14224.52731
-14352.39774
-14479.74207
-14606.55853
-14732.84545
-14858.60124
-14983.82438
-15108.51341
-15232.66696
-15356.28374
-15479.3625
-15601.9021
-15723.90144
-15845.35952
-15966.27536
-16086.64811
-16206.47696
-16325.76113
-16444.49998
-16562.69288
-16680.33929
-16797.43872
-16913.99075
-17029.99503
-17145.45125
-17260.35919
-17374.71867
-17488.52957
-17601.79183
-17714.50545
-17826.6705
-17938.28708
-18049.35536
-18159.87557
-18269.84797
-18379.2729
-18488.15074
-18596.48191
-18704.26689
-18811.50623
-18918.2005
-19024.3503
-19129.95633
-19235.0193
-19339.53997
-19443.51916
-19546.95771
-19649.8565
-19752.2165
-19854.03864
-19955.32398
-20056.07355
-20156.28844
-20255.96979
-20355.11878
-20453.73659
-20551.82447
-20649.38369
-20746.41557
-20842.92143
-20938.90266
-21034.36065
-21129.29684
-21223.7127
-21317.60972
-21410.98941
-21503.85334
-21596.20306
-21688.0402
-21779.36637
-21870.18324
-21960.49247
-22050.29576
-22139.59485
-22228.39147
-22316.68739
-22404.48442
-22491.78433
-22578.58897
-22664.90019
-22750.71984
-22836.04982
-22920.89201
-23005.24834
-23089.12075
-23172.51116
-23255.42156
-23337.85391
-23419.8102
-23501.29245
-23582.30265
-23662.84285
-23742.91507
-23822.52138
-23901.66382
-23980.34448
-24058.56543
-24136.32875
-24213.63656
-24290.49094
-24366.89403
-24442.84792
-24518.35477
-24593.41669
-24668.03583
-24742.21432
-24815.95434
-24889.25801
-24962.12751
-25034.56499
-25106.57263
-25178.15259
-25249.30704
-25320.03817
-25390.34812
-25460.23911
-25529.7133
-25598.77286
-25667.41999
-25735.65686
-25803.48566
-25870.90856
-25937.92774
-26004.5454
-26070.7637
-26136.58482
-26202.01094
-26267.04422
-26331.68686
-26395.941
-26459.80883
-26523.2925
-26586.39415
-26649.11598
-26711.46012
-26773.42872
-26835.02393
-26896.24789
-26957.10273
-27017.59059
-27077.7136
-27137.47387
-27196.87354
-27255.9147
-27314.59946
-27372.92993
-27430.9082
-27488.53635
-27545.81648
-27602.75066
-27659.34095
-27715.58943
-27771.49813
-27827.06914
-27882.30447
-27937.20617
-27991.77626
-28046.01677
-28099.92971
-28153.51708
-28206.78089
-28259.72313
-28312.34577
-28364.65081
-28416.64018
-28468.31588
-28519.67984
-28570.734
-28621.4803
-28671.92065
-28722.05701
-28771.89124
-28821.42527
-28870.66099
-28919.60026
-28968.24499
-29016.59702
-29064.65821
-29112.43042
-29159.91547
-29207.11521
-29254.03145
-29300.66599
-29347.02065
-29393.09723
-29438.89751
-29484.42324
-29529.67621
-29574.65818
-29619.37088
-29663.81606
-29707.99545
-29751.91077
-29795.56373
-29838.95602
-29882.08935
-29924.96539
-29967.58581
-30009.95229
-30052.06647
-30093.93
-30135.54453
-30176.91165
-30218.03302
-30258.91022
-30299.54486
-30339.93852
-30380.09279
-30420.00925
-30459.68942
-30499.1349
-30538.34722
-30577.32789
-30616.07846
-30654.60043
-30692.89532
-30730.96462
-30768.80981
-30806.43238
-30843.83379
-30881.01551
-30917.979
-30954.72566
-30991.25698
-31027.57434
-31063.67919
-31099.5729
-31135.25689
-31170.73255
-31206.00125
-31241.06437
-31275.92327
-31310.57929
-31345.0338
-31379.28811
-31413.34356
-31447.20148
-31480.86315
-31514.3299
-31547.60301
-31580.68377
-31613.57346
-31646.27333
-31678.78466
-31711.10868
-31743.24666
-31775.19981
-31806.96936
-31838.55655
-31869.96256
-31901.18862
-31932.2359
-31963.10559
-31993.79889
-32024.31693
-32054.66092
-32084.83197
-32114.83125
-32144.6599
-32174.31904
-32203.80979
-32233.13328
-32262.29061
-32291.28288
-32320.11119
-32348.77661
-32377.28023
-32405.62311
-32433.80633
-32461.83093
-32489.69796
-32517.40847
-32544.96348
-32572.36404
-32599.61114
-32626.70581
-32653.64906
-32680.44186
-32707.08524
-32733.58016
-32759.92761
-32786.12855
-32812.18395
-32838.09477
-32863.86195
-32889.48645
-32914.96919
-32940.31111
-32965.51315
-32990.57619
-33015.50117
-33040.28899
-33064.94054
-33089.45673
-33113.83843
-33138.08652
-33162.20188
-33186.18536
-33210.03785
-33233.76019
-33257.35323
-33280.81782
-33304.15477
-33327.36494
-33350.44915
-33373.40821
-33396.24294
-33418.95414
-33441.54263
-33464.00919
-33486.35462
-33508.5797
-33530.68521
-33552.67192
-33574.5406
-33596.29202
-33617.92694
-33639.44609
-33660.85025
-33682.14014
-33703.31649
-33724.38005
-33745.33153
-33766.17166
-33786.90115
-33807.52072
-33828.03107
-33848.43289
-33868.7269
-33888.91376
-33908.99418
-33928.96882
-33948.83837
-33968.60351
-33988.26487
-34007.82316
-34027.279
-34046.63305
-34065.88597
-34085.03839
-34104.09095
-34123.0443
-34141.89903
-34160.65581
-34179.31523
-34197.87792
-34216.34449
-34234.71553
-34252.99168
-34271.17349
-34289.2616
-34307.25657
-34325.15899
-34342.96946
-34360.68853
-34378.3168
-34395.85483
-34413.30316
-34430.6624
-34447.93307
-34465.11573
-34482.21094
-34499.21924
-34516.14117
-34532.97726
-34549.72806
-34566.39411
-34582.97589
-34599.47397
-34615.88884
-34632.22104
-34648.47106
-34664.63941
-34680.72662
-34696.73315
-34712.65953
-34728.50625
-34744.27378
-34759.96264
-34775.57327
-34791.1062
-34806.56187
-34821.94076
-34837.24335
-34852.4701
-34867.62148
-34882.69794
-34897.69994
-34912.62794
-34927.48239
-34942.26373
-34956.97241
-34971.60887
-34986.17355
-35000.66687
-35015.0893
-35029.44123
-35043.72309
-35057.93533
-35072.07835
-35086.15256
-35100.1584
-35114.09625
-35127.96655
-35141.76968
-35155.50606
-35169.17608
-35182.78013
-35196.31863
-35209.79195
-35223.20048
-35236.54463
-35249.82474
-35263.04124
-35276.19448
-35289.28483
-35302.31268
-35315.2784
-35328.18235
-35341.02489
-35353.8064
-35366.52723
-35379.18773
-35391.78828
-35404.3292
-35416.81088
-35429.23363
-35441.59782
-35453.90379
-35466.15187
-35478.34241
-35490.47575
-35502.5522
-35514.57212
-35526.53583
-35538.44365
-35550.29591
-35562.09294
-35573.83505
-35585.52257
-35597.1558
-35608.73507
-35620.26068
-35631.73295
-35643.15218
-35654.51869
-35665.83276
-35677.09471
-35688.30485
-35699.46344
-35710.5708
-35721.62723
-35732.63301
-35743.58843
-35754.49378
-35765.34935
-35776.15542
-35786.91227
-35797.62019
-35808.27943
-35818.8903
-35829.45306
-35839.96798
-35850.43534
-35860.8554
-35871.22842
-35881.55469
-35891.83445
-35902.06798
-35912.25552
-35922.39735
-35932.49371
-35942.54486
-35952.55106
-35962.51256
-35972.4296
-35982.30243
-35992.13131
-36001.91647
-36011.65816
-36021.35662
-36031.01209
-36040.62482
-36050.19503
-36059.72296
-36069.20884
-36078.65293
-36088.05543
-36097.41657
-36106.7366
-36116.01572
-36125.25418
-36134.45218
-36143.60997
-36152.72774
-36161.80572
-36170.84414
-36179.8432
-36188.80313
-36197.72413
-36206.60642
-36215.4502
-36224.2557
-36233.0231
-36241.75263
-36250.44449
-36259.09887
-36267.71599
-36276.29605
-36284.83924
-36293.34576
-36301.81582
-36310.24959
-36318.6473
-36327.00911
-36335.33523
-36343.62586
-36351.88116
-36360.10136
-36368.28662
-36376.43712
-36384.55307
-36392.63463
-36400.682
-36408.69536
-36416.67487
-36424.62075
-36432.53312
-36440.41222
-36448.25818
-36456.0712
-36463.85144
-36471.59907
-36479.31428
-36486.99723
-36494.64807
-36502.26702
-36509.85418
-36517.40977
-36524.93393
-36532.42683
-36539.88864
-36547.3195
-36554.71961
26918552.54
