23171.09538
23045.07085
22917.88825
22789.53985
22660.01802
22529.31521
22397.42396
22264.3369
22130.04677
21994.54643
21857.82882
21719.88705
21580.71431
21440.30396
21298.64946
21155.74446
21011.58272
20866.1582
20719.465
20571.49739
20422.24984
20271.717
20119.89369
19966.77497
19812.35609
19656.63252
19499.59995
19341.2543
19181.59175
19020.6087
18858.30182
18694.66804
18529.70458
18363.40891
18195.7788
18026.81231
17856.50782
17684.86401
17511.87987
17337.55474
17161.88828
16984.88049
16806.53174
16626.84276
16445.8146
16263.44876
16079.74706
15894.71176
15708.34547
15520.65123
15331.63251
15141.29317
14949.63751
14756.67025
14562.39658
14366.8221
14169.9529
13971.79548
13772.35685
13571.64446
13369.66626
13166.43066
12961.94654
12756.2233
12549.27082
12341.09947
12131.72012
11921.14414
11709.38342
11496.45032
11282.35774
11067.11909
10850.74827
10633.2597
10414.6683
10194.98952
9974.239291
9752.434076
9529.590834
9305.727011
9080.860586
8855.009992
8628.194185
8400.432597
8171.745146
7942.152215
7711.674673
7480.333839
7248.151506
7015.149891
6781.351671
6546.779946
6311.458249
6075.410506
5838.661074
5601.234662
5363.156399
5124.451768
4885.146591
4645.267055
4404.839681
4163.891286
3922.448997
3680.540244
3438.192717
3195.434357
2952.293372
2708.798172
2464.977401
2220.859878
1976.474601
1731.850745
1487.017628
1242.004658
996.8414094
751.5574895
506.1826365
260.7465833
15.279147
-230.18985
-475.6305907
-721.0132843
-966.3081399
-1211.485461
-1456.515595
-1701.368991
-1946.016189
-2190.427889
-2434.574887
-2678.428166
-2921.95889
-3165.138394
-3407.938233
-3650.330191
-3892.286286
-4133.778803
-4374.78029
-4615.263577
-4855.201812
-5094.568446
-5333.337263
-5571.482385
-5808.97829
-6045.799837
-6281.922239
-6517.321116
-6751.972491
-6985.85279
-7218.938869
-7451.207994
-7682.637901
-7913.20676
-8142.893194
-8371.676276
-8599.535586
-8826.451144
-9052.403465
-9277.373551
-9501.3429
-9724.293497
-9946.207823
-10167.06887
-10386.86013
-10605.56561
-10823.16981
-11039.65774
-11255.01494
-11469.22744
-11682.28179
-11894.16504
-12104.86475
-12314.369
-12522.66635
-12729.74588
-12935.59716
-13140.21027
-13343.57576
-13545.68469
-13746.52858
-13946.09945
-14144.38979
-14341.39256
-14537.10118
-14731.50953
-14924.61195
-15116.40322
-15306.87855
-15496.03361
-15683.86449
-15870.36767
-16055.54008
-16239.37905
-16421.88228
-16603.04791
-16782.87442
-16961.3607
-17138.50597
-17314.30984
-17488.77227
-17661.89356
-17833.67434
-18004.11558
-18173.21857
-18340.98489
-18507.41646
-18672.51546
-18836.2844
-18998.72604
-19159.84341
-19319.63983
-19478.11883
-19635.28426
-19791.14014
-19945.69076
-20098.94064
-20250.89447
-20401.55723
-20550.93404
-20699.03022
-20845.85131
-20991.403
-21135.69118
-21278.72187
-21420.5013
-21561.03581
-21700.33189
-21838.39622
-21975.23555
-22110.85679
-22245.26696
-22378.47321
-22510.48278
-22641.30303
-22770.94141
-22899.40546
-23026.70281
-23152.84117
-23277.82834
-23401.67217
-23524.38057
-23645.96154
-23766.42314
-23885.77344
-24004.0206
-24121.17279
-24237.23824
-24352.22524
-24466.14203
-24578.99699
-24690.79841
-24801.55467
-24911.27417
-25019.96528
-25127.63641
-25234.29597
-25339.95238
-25444.61403
-25548.28934
-25650.98672
-25752.71457
-25853.48127
-25953.2952
-26052.1647
-26150.09813
-26247.10381
-26343.19003
-26438.36506
-26532.63716
-26626.01456
-26718.50541
-26810.1179
-26900.86016
-26990.74026
-27079.76627
-27167.94621
-27255.28802
-27341.7997
-27427.48908
-27512.36406
-27596.43243
-27679.70196
-27762.18035
-27843.8753
-27924.7944
-28004.94524
-28084.33535
-28162.9722
-28240.8632
-28318.01574
-28394.43713
-28470.13463
-28545.11547
-28619.38679
-28692.95572
-28765.82928
-28838.01448
-28909.51827
-28980.34751
-29050.50906
-29120.00968
-29188.85607
-29257.05491
-29324.6128
-29391.53629
-29457.83186
-29523.50594
-29588.56493
-29653.01513
-29716.86281
-29780.11418
-29842.77539
-29904.85252
-29966.35161
-30027.27866
-30087.63958
-30147.44022
-30206.68643
-30265.38394
-30323.53846
-30381.15563
-30438.24103
-30494.80022
-30550.83867
-30606.36181
-30661.37501
-30715.88357
-30769.89278
-30823.40784
-30876.43392
-30928.97611
-30981.03946
-31032.629
-31083.74965
-31134.40634
-31184.60389
-31234.3471
-31283.64075
-31332.48948
-31380.898
-31428.87087
-31476.41265
-31523.52784
-31570.22089
-31616.49623
-31662.35819
-31707.8111
-31752.85922
-31797.50677
-31841.75793
-31885.61681
-31929.08752
-31972.1741
-32014.88051
-32057.21076
-32099.16871
-32140.75824
-32181.98319
-32222.84733
-32263.35441
-32303.50811
-32343.31211
-32382.77002
-32421.88541
-32460.66184
-32499.10279
-32537.21173
-32574.99207
-32612.44722
-32649.58051
-32686.39525
-32722.89472
-32759.08215
-32794.96074
-32830.53366
-32865.80404
-32900.77496
-32935.44951
-32969.83068
-33003.92149
-33037.72488
-33071.24378
-33104.4811
-33137.43967
-33170.12234
-33202.53189
-33234.67111
-33266.54271
-33298.1494
-33329.49386
-33360.57873
-33391.40662
-33421.98012
-33452.30178
-33482.37413
-33512.19966
-33541.78085
-33571.12015
-33600.21995
-33629.08267
-33657.71064
-33686.10621
-33714.27171
-33742.20937
-33769.92151
-33797.41032
-33824.67801
-33851.72678
-33878.55878
-33905.17615
-33931.58099
-33957.77538
-33983.76141
-34009.54111
-34035.11648
-34060.48954
-34085.66225
-34110.63657
-34135.41441
-34159.99769
-34184.38832
-34208.58812
-34232.59898
-34256.42269
-34280.06108
-34303.51592
-34326.78897
-34349.882
-34372.79672
-34395.53483
-34418.09804
-34440.48799
-34462.70636
-34484.75477
-34506.63484
-34528.34817
-34549.89632
-34571.28087
-34592.50337
-34613.56535
-34634.4683
-34655.21373
-34675.80314
-34696.23796
-34716.51964
-34736.64964
-34756.62934
-34776.46018
-34796.1435
-34815.68071
-34835.07315
-34854.32215
-34873.42907
-34892.39517
-34911.2218
-34929.91021
-34948.46168
-34966.87749
-34985.15883
-35003.30698
-35021.32315
-35039.2085
-35056.96429
-35074.59163
-35092.09173
-35109.46573
-35126.71477
-35143.83997
-35160.84246
-35177.72336
-35194.48372
-35211.12465
-35227.64722
-35244.05248
-35260.34149
-35276.51528
-35292.57487
-35308.52128
-35324.35552
-35340.07857
-35355.69144
-35371.19507
-35386.59045
-35401.87851
-35417.06021
-35432.13649
-35447.10824
-35461.97642
-35476.74189
-35491.40558
-35505.96837
-35520.43111
-35534.7947
-35549.05998
-35563.22781
-35577.29903
-35591.27447
-35605.15495
-35618.94129
-35632.63431
-35646.23479
-35659.74352
-35673.16131
-35686.4889
-35699.72708
-35712.87661
-35725.93822
-35738.91269
-35751.80072
-35764.60307
-35777.32044
-35789.95356
-35802.50312
-35814.96983
-35827.35439
-35839.65748
-35851.87977
-35864.02196
-35876.08469
-35888.06863
-35899.97444
-35911.80274
-35923.55421
-35935.22945
-35946.8291
-35958.35378
-35969.80411
-35981.1807
-35992.48414
-36003.71505
-36014.874
-36025.96157
-36036.97838
-36047.92495
-36058.8019
-36069.60976
-36080.34909
-36091.02047
-36101.62442
-36112.16148
-36122.6322
-36133.0371
-36143.37673
-36153.65158
-36163.86218
-36174.00905
-36184.09267
-36194.11359
-36204.07225
-36213.96918
-36223.80484
-36233.57973
-36243.29434
-36252.94912
-36262.54455
-36272.08109
-36281.5592
-36290.97935
-36300.34196
-36309.64752
-36318.89644
-36328.08917
-36337.22614
-36346.3078
-36355.33455
-36364.30683
-36373.22504
-36382.08963
-36390.90098
-36399.65951
-36408.36562
-36417.0197
-36425.62217
-36434.1734
-36442.6738
-36451.12374
-36459.52359
-36467.87377
-36476.17461
-36484.4265
-36492.62982
-36500.78491
-36508.89215
-36516.95189
-36524.96449
-36532.9303
-36540.84965
-36548.72292
-36556.55043
-36564.33252
-36572.06953
-36579.76179
-36587.40964
-36595.01339
-36602.57338
-36610.08993
-36617.56334
-36624.99396
19421976.88
