33021.08798
33002.43915
32983.69093
32964.84269
32945.89377
32926.84351
32907.69128
32888.43638
32869.07815
32849.61591
32830.04899
32810.3767
32790.59835
32770.71325
32750.72069
32730.61995
32710.41036
32690.09117
32669.66167
32649.12114
32628.46883
32607.70402
32586.82596
32565.8339
32544.72709
32523.50478
32502.16619
32480.71055
32459.1371
32437.44504
32415.6336
32393.70198
32371.64937
32349.47499
32327.17801
32304.75761
32282.213
32259.54331
32236.74773
32213.82542
32190.77552
32167.59719
32144.28957
32120.85179
32097.28298
32073.58227
32049.74877
32025.78158
32001.67982
31977.44258
31953.06894
31928.55801
31903.90884
31879.12051
31854.1921
31829.12262
31803.91118
31778.55679
31753.05848
31727.4153
31701.62625
31675.69037
31649.60665
31623.37411
31596.99172
31570.45848
31543.77337
31516.93535
31489.94342
31462.7965
31435.49355
31408.03353
31380.41534
31352.63795
31324.70025
31296.60117
31268.33959
31239.91444
31211.32458
31182.56891
31153.6463
31124.55562
31095.29571
31065.86544
31036.26364
31006.48915
30976.54079
30946.41737
30916.11772
30885.64063
30854.98488
30824.14928
30793.13259
30761.93358
30730.551
30698.98361
30667.23016
30635.28936
30603.15996
30570.84066
30538.33017
30505.62721
30472.73042
30439.63853
30406.3502
30372.86406
30339.17881
30305.29307
30271.20549
30236.91469
30202.41927
30167.71789
30132.80908
30097.69149
30062.36367
30026.8242
29991.07165
29955.10456
29918.92149
29882.52097
29845.90151
29809.06165
29771.99987
29734.71471
29697.2046
29659.46806
29621.50355
29583.30952
29544.88444
29506.22673
29467.33481
29428.20714
29388.84209
29349.23808
29309.39352
29269.30675
29228.97618
29188.40015
29147.57702
29106.50513
29065.18282
29023.60841
28981.78022
28939.69654
28897.35568
28854.75591
28811.89552
28768.77276
28725.3859
28681.73317
28637.81282
28593.62308
28549.16214
28504.42824
28459.41956
28414.13427
28368.5706
28322.72666
28276.60066
28230.19072
28183.49497
28136.51157
28089.23863
28041.67426
27993.81657
27945.66363
27897.21356
27848.4644
27799.41425
27750.06114
27700.40313
27650.43827
27600.16455
27549.58005
27498.68274
27447.47063
27395.94174
27344.09402
27291.92549
27239.43409
27186.61778
27133.47455
27080.0023
27026.19901
26972.0626
26917.59096
26862.78206
26807.63376
26752.14399
26696.31064
26640.13159
26583.60472
26526.72791
26469.49903
26411.91593
26353.97646
26295.67849
26237.01984
26177.99837
26118.61188
26058.85822
25998.73521
25938.24065
25877.37237
25816.12817
25754.50583
25692.50319
25630.11801
25567.3481
25504.19123
25440.64519
25376.70777
25312.37674
25247.64989
25182.52497
25116.99977
25051.07205
24984.73959
24918.00015
24850.8515
24783.29141
24715.31764
24646.92796
24578.12016
24508.89196
24439.24118
24369.16557
24298.6629
24227.73097
24156.36752
24084.57037
24012.33729
23939.66606
23866.55451
23793.0004
23719.00155
23644.55578
23569.66089
23494.31472
23418.51508
23342.25982
23265.54679
23188.37383
23110.73881
23032.63962
22954.07411
22875.04019
22795.53577
22715.55876
22635.10708
22554.17868
22472.77151
22390.88354
22308.51275
22225.65713
22142.31471
22058.48351
21974.16156
21889.34694
21804.03773
21718.23203
21631.92796
21545.12365
21457.81726
21370.00699
21281.69102
21192.8676
21103.53496
21013.69138
20923.33516
20832.46462
20741.07812
20649.17403
20556.75077
20463.80676
20370.34046
20276.35038
20181.83503
20086.79299
19991.22282
19895.12317
19798.49268
19701.33005
19603.63401
19505.40331
19406.63678
19307.33323
19207.49156
19107.11069
19006.18958
18904.72722
18802.72266
18700.17501
18597.08338
18493.44695
18389.26495
18284.53666
18179.26138
18073.43851
17967.06744
17860.14764
17752.67866
17644.66004
17536.09143
17426.97249
17317.30296
17207.08264
17096.31139
16984.98909
16873.11571
16760.69129
16647.7159
16534.1897
16420.11288
16305.48572
16190.30857
16074.5818
15958.3059
15841.4814
15724.10888
15606.18903
15487.72257
15368.71032
15249.15315
15129.05201
15008.4079
14887.22194
14765.49529
14643.22918
14520.42495
14397.08396
14273.2077
14148.79771
14023.8556
13898.38309
13772.38196
13645.85407
13518.80135
13391.22583
13263.12961
13134.51489
13005.38391
12875.73904
12745.58273
12614.91746
12483.74585
12352.07061
12219.89448
12087.22034
11954.05112
11820.38986
11686.23967
11551.60376
11416.48541
11280.88801
11144.81502
11008.26998
10871.25655
10733.77843
10595.83945
10457.44352
10318.59462
10179.29681
10039.55428
9899.371258
9758.7521
9617.701215
9476.223116
9334.322413
9192.003771
9049.271963
8906.131854
8762.588364
8618.646526
8474.311438
8329.588303
8184.48238
8038.999025
7893.143676
7746.921841
7600.339127
7453.401204
7306.113822
7158.482812
7010.514083
6862.213619
6713.587479
6564.641786
6415.382761
6265.816658
6115.949842
5965.788722
5815.339778
5664.609575
5513.604712
5362.331884
5210.797839
5059.009366
4906.973344
4754.69671
4602.186432
4449.449551
4296.493173
4143.324439
3989.950548
3836.378752
3682.616351
3528.670681
3374.549151
3220.259166
3065.808229
2911.203835
2756.45354
2601.564943
2446.545664
2291.403343
2136.145685
1980.780404
1825.315235
1669.757945
1514.116338
1358.398207
1202.611404
1046.763758
890.8631512
734.917446
578.9345404
422.9223275
266.8887213
110.8416202
-45.21104603
-201.2613737
-357.3014384
-513.3233363
-669.3191588
-825.2809864
-981.2009472
-1137.071153
-1292.883733
-1448.630824
-1604.304597
-1759.897232
-1915.40092
-2070.807895
-2226.1104
-2381.300699
-2536.371109
-2691.313949
-2846.121587
-3000.786419
-3155.300879
-3309.657435
-3463.848594
-3617.86691
-3771.704973
-3925.35542
-4078.810933
-4232.064236
-4385.108126
-4537.93542
-4690.539002
-4842.911808
-4995.04684
-5146.937145
-5298.575818
-5449.956038
-5601.071041
-5751.914107
-5902.478598
-6052.757935
-6202.745602
-6352.435161
-6501.820238
-6650.894522
-6799.65178
-6948.085854
-7096.190657
-7243.960168
-7391.388454
-7538.469661
-7685.197981
-7831.567735
-7977.573272
-8123.209066
-8268.469623
-8413.349579
-8557.843616
-8701.946516
-8845.653138
-8988.958423
-9131.85741
-9274.345195
-9416.416992
-9558.06806
-9699.293796
-9840.089639
-9980.451121
-10120.37389
-10259.85365
-10398.88619
-10537.46742
-10675.59331
-10813.25991
-10950.46339
-11087.19997
-11223.46598
-11359.25785
-11494.57205
-11629.40519
-11763.75394
-11897.61506
-12030.9854
-12163.86188
-12296.24155
-12428.12148
-12559.4989
-12690.37106
-12820.73533
-12950.58916
-13079.93009
-13208.75571
-13337.06375
-13464.85195
-13592.11822
-13718.86047
-13845.07675
-13970.76514
-14095.92385
-14220.55114
-14344.64534
-14468.20489
-14591.22829
-14713.7141
-14835.661
-14957.0677
-15077.933
-15198.25579
-15318.03501
-15437.26969
-15555.95892
-15674.10187
-15791.69777
-15908.74593
-16025.24572
-16141.19658
-16256.59801
-16371.4496
-16485.75098
-16599.50185
-16712.70198
-16825.35119
-16937.44939
-17048.99651
-17159.99258
-17270.43765
-17380.33186
-17489.6754
-17598.4685
-17706.71146
-17814.40463
-17921.54842
-18028.14329
-18134.18975
-18239.68836
-18344.63973
-18449.0445
-18552.90342
-18656.21721
-18758.9867
-18861.21272
-18962.89616
-19064.03797
-19164.63911
-19264.70064
-19364.22359
-19463.20906
-19561.65822
-19659.57224
-19756.95233
-19853.79976
-19950.11581
-20045.90182
-20141.15915
-20235.88921
-20330.0934
-20423.77319
-20516.9301
-20609.56562
-20701.68132
-20793.27878
-20884.35961
-20974.92545
-21064.97796
-21154.51884
-21243.5498
-21332.07257
-21420.08893
11192929.06
