-270.4355
-271.3705
-272.3089
-273.2506
-274.1958
-275.1443
-276.0965
-277.0519
-278.0108
-278.9734
-279.9391
-280.9085
-281.8815
-282.8576
-283.8378
-284.8209
-285.808
-286.7983
-287.7924
-288.79
-289.791
-290.7958
-291.804
-292.8159
-293.8314
-294.8504
-295.8731
-296.8994
-297.9293
-298.9629
-300.0001
-301.041
-302.0856
-303.1337
-304.1857
-305.2411
-306.3005
-307.3635
-308.4301
-309.5006
-310.5747
-311.6526
-312.7341
-313.8196
-314.9086
-316.0015
-317.0982
-318.1986
-319.3027
-320.4109
-321.5226
-322.6382
-323.7576
-324.8808
-326.008
-327.1387
-328.2735
-329.4121
-330.5546
-331.7008
-332.8509
-334.005
-335.1628
-336.3245
-337.4903
-338.6598
-339.8331
-341.0106
-342.1917
-343.377
-344.566
-345.7589
-346.9559
-348.1567
-349.3614
-350.5703
-351.7828
-352.9995
-354.22
-355.4446
-356.6729
-357.9054
-359.1419
-360.3821
-361.6266
-362.8747
-364.1272
-365.3833
-366.6436
-367.9079
-369.1761
-370.4482
-371.7245
-373.0047
-374.2889
-375.577
-376.8693
-378.1654
-379.4656
-380.7698
-382.0779
-383.3902
-384.7064
-386.0264
-387.3508
-388.6788
-390.0112
-391.3472
-392.6875
-394.0317
-395.3798
-396.732
-398.0883
-399.4482
-400.8126
-402.1807
-403.5528
-404.9289
-406.309
-407.6931
-409.081
-410.4732
-411.8691
-413.269
-414.673
-416.0808
-417.4926
-418.9083
-420.3279
-421.7518
-423.179
-424.6107
-426.046
-427.4853
-428.9285
-430.3755
-431.8265
-433.2814
-434.7401
-436.2027
-437.6691
-439.1394
-440.6136
-442.0914
-443.5734
-445.0588
-446.5483
-448.0414
-449.5384
-451.0392
-452.5436
-454.0518
-455.5638
-457.0796
-458.5989
-460.1219
-461.6488
-463.1793
-464.7133
-466.2511
-467.7925
-469.3374
-470.8862
-472.4382
-473.994
-475.5532
-477.1162
-478.6825
-480.2522
-481.8258
-483.4024
-484.9828
-486.5664
-488.1535
-489.7441
-491.3378
-492.9351
-494.5357
-496.1394
-497.7468
-499.357
-500.9707
-502.5876
-504.2078
-505.831
-507.4574
-509.087
-510.7197
-512.3554
-513.9943
-515.636
-517.2809
-518.9288
-520.5796
-522.2333
-523.8898
-525.5494
-527.2117
-528.8768
-530.5448
-532.2154
-533.8888
-535.565
-537.2437
-538.9251
-540.6091
-542.2957
-543.9847
-545.6764
-547.3704
-549.067
-550.7658
-552.4671
-554.1707
-555.8766
-557.5847
-559.2951
-561.0076
-562.7224
-564.439
-566.158
-567.8789
-569.6017
-571.3266
-573.0533
-574.7818
-576.5124
-578.2444
-579.9785
-581.714
-583.4513
-585.1903
-586.9307
-588.6726
-590.4161
-592.161
-593.9073
-595.6547
-597.4037
-599.1538
-600.905
-602.6575
-604.411
-606.1655
-607.9211
-609.6776
-611.4349
-613.1931
-614.9522
-616.7118
-618.4721
-620.2332
-621.9948
-623.7567
-625.5194
-627.2822
-629.0456
-630.809
-632.5728
-634.3368
-636.1008
-637.8649
-639.629
-641.393
-643.157
-644.9205
-646.6841
-648.4471
-650.2099
-651.9722
-653.734
-655.4953
-657.2558
-659.0156
-660.775
-662.5331
-664.2906
-666.047
-667.8023
-669.5568
-671.3099
-673.0617
-674.8124
-676.5616
-678.3093
-680.0556
-681.8004
-683.5432
-685.2846
-687.0241
-688.7617
-690.4973
-692.2309
-693.9625
-695.6918
-697.419
-699.1437
-700.8662
-702.586
-704.3034
-706.0181
-707.7302
-709.4394
-711.1458
-712.8493
-714.5497
-716.247
-717.9411
-719.6321
-721.3197
-723.0037
-724.6844
-726.3614
-728.0349
-729.7045
-731.3704
-733.0323
-734.6901
-736.3441
-737.9938
-739.6393
-741.2803
-742.9171
-744.5493
-746.177
-747.8
-749.4182
-751.0317
-752.6401
-754.2437
-755.842
-757.4353
-759.0232
-760.6058
-762.1831
-763.7547
-765.3207
-766.8811
-768.4357
-769.9844
-771.5271
-773.0639
-774.5943
-776.1188
-777.6369
-779.1484
-780.6536
-782.1523
-783.6441
-785.1294
-786.6077
-788.0792
-789.5435
-791.001
-792.4511
-793.8939
-795.3294
-796.7576
-798.178
-799.591
-800.9961
-802.3936
-803.78309
-805.16461
-806.53811
-807.90343
-809.26059
-810.6093
-811.94974
-813.28164
-814.60496
-815.91957
-817.22554
-818.52259
-819.81081
-821.08983
-822.36008
-823.62087
-824.87262
-826.11485
-827.34779
-828.57122
-829.78497
-830.98917
-832.18353
-833.36817
-834.54282
-835.7074
-836.86214
-838.00648
-839.14077
-840.26472
-841.37816
-842.4813
-843.57381
-844.65578
-845.72691
-846.78743
-847.83702
-848.87578
-849.90335
-850.92015
-851.92554
-852.91984
-853.90291
-854.8745
-855.83482
-856.7835
-857.72064
-858.64631
-859.56011
-860.46219
-861.35249
-862.23082
-863.09722
-863.95164
-864.79391
-865.62405
-866.442
-867.2477
-868.04095
-868.8219
-869.59039
-870.34639
-871.08976
-871.82058
-872.53868
-873.24401
-873.93662
-874.61636
-875.28328
-875.93711
-876.57812
-877.20594
-877.82078
-878.42248
-879.01089
-879.58621
-880.14812
-880.69686
-881.23214
-881.75407
-882.26249
-882.75757
-883.23898
-883.70689
-884.1613
-884.60193
-885.02906
-885.44231
-885.84196
-886.22778
-886.59995
-886.95818
-887.30254
-887.63309
-887.9497
-888.25245
-888.54126
-888.81594
-889.0768
-889.32358
-889.55632
-889.77499
-889.97967
-890.17021
-890.34663
-890.50896
-890.657201
-890.791205
-890.911177
-891.016908
-891.108451
-891.185963
-891.249075
-891.298263
-891.332999
-891.3536507
-891.3602723
-891.35239
-891.330529
-891.294374
-891.244136
-891.179656
-891.100884
-891.008132
-890.901088
-890.779959
-890.644536
-890.495191
-890.3316
-890.15382
-889.96206
-889.75623
-889.53619
-889.3023
-889.05415
-888.79224
-888.51609
-888.22617
-887.92217
-887.60434
-887.27254
-886.92691
-886.56737
-886.19415
-885.80701
-885.40616
-884.99164
-884.56331
-884.12141
-883.6659
-883.19668
-882.71405
-882.21788
-881.70814
-881.185
-880.64857
-880.09862
-879.5355
-878.95902
-878.3694
-877.76644
-877.15055
-876.52147
-875.87936
-875.22422
-874.55624
-873.8753
-873.18158
-872.47504
-871.75579
-871.02375
-870.27933
-869.52219
-868.75253
-867.97048
-867.17596
-866.36933
-865.55011
-864.71892
-863.87555
-863.02002
-862.15247
-861.27304
-860.38173
-859.47845
-858.56354
-857.63698
-856.69858
-855.74889
-854.78749
-853.81483
-852.83077
-851.83537
-850.82886
-849.81118
-848.78245
-847.74264
-846.6921
-845.63059
-844.55829
-843.47545
-842.38192
-841.27773
-840.1633
-839.03836
-837.9031
-836.75778
-835.60208
-834.43658
-833.26081
-832.07532
-830.88007
-829.67483
-828.46018
-827.23575
-826.00203
-824.75874
-823.50615
-822.24437
-820.97338
-819.69331
-818.40424
-817.10631
-815.79948
-814.48394
-813.15978
-811.82704
-810.48575
-809.13615
-807.7782
-806.41199
-805.0377
-803.65534
-802.265
174253651.8
-174152556.7
