-1511.32734
-1508.15267
-1504.91798
-1501.62392
-1498.27141
-1494.86105
-1491.39347
-1487.86959
-1484.29018
-1480.65575
-1476.96729
-1473.2256
-1469.4312
-1465.58514
-1461.68812
-1457.74079
-1453.74419
-1449.69912
-1445.60607
-1441.46622
-1437.28015
-1433.04891
-1428.7731
-1424.4536
-1420.0913
-1415.6871
-1411.2416
-1406.756
-1402.2307
-1397.6668
-1393.0651
-1388.4265
-1383.7516
-1379.0416
-1374.2971
-1369.519
-1364.7079
-1359.8652
-1354.9911
-1350.0868
-1345.1531
-1340.1907
-1335.2004
-1330.1834
-1325.1399
-1320.0712
-1314.9779
-1309.861
-1304.7209
-1299.5587
-1294.3752
-1289.1712
-1283.9473
-1278.7043
-1273.4433
-1268.1646
-1262.8692
-1257.5579
-1252.2314
-1246.8903
-1241.5355
-1236.1678
-1230.7876
-1225.396
-1219.9934
-1214.5808
-1209.1584
-1203.7275
-1198.2885
-1192.8417
-1187.3885
-1181.929
-1176.4641
-1170.9943
-1165.5203
-1160.0428
-1154.5622
-1149.0794
-1143.5948
-1138.109
-1132.6226
-1127.1362
-1121.6505
-1116.1658
-1110.6828
-1105.2021
-1099.724
-1094.2493
-1088.7784
-1083.3117
-1077.8498
-1072.3934
-1066.9427
-1061.498
-1056.0603
-1050.6297
-1045.2067
-1039.7919
-1034.3855
-1028.9879
-1023.6
-1018.2214
-1012.8534
-1007.4957
-1002.1489
-996.8135
-991.4899
-986.1781
-980.8788
-975.5922
-970.3188
-965.0586
-959.8123
-954.5799
-949.3619
-944.1586
-938.9702
-933.7969
-928.6393
-923.4972
-918.3714
-913.2617
-908.1687
-903.0923
-898.0329
-892.9909
-887.9662
-882.9592
-877.9703
-872.9991
-868.0464
-863.1122
-858.1965
-853.2998
-848.4219
-843.5633
-838.7241
-833.9041
-829.104
-824.3235
-819.5629
-814.8225
-810.102
-805.402
-800.7222
-796.0631
-791.4244
-786.8066
-782.2095
-777.6332
-773.0781
-768.5438
-764.0309
-759.5389
-755.0685
-750.6192
-746.1914
-741.7849
-737.4002
-733.0367
-728.695
-724.3748
-720.0764
-715.7996
-711.5445
-707.3113
-703.0995
-698.9099
-694.7419
-690.5956
-686.4713
-682.3687
-678.288
-674.229
-670.1918
-666.1766
-662.183
-658.2112
-654.2612
-650.3328
-646.4264
-642.5414
-638.6783
-634.8367
-631.0165
-627.2183
-623.4414
-619.686
-615.9521
-612.2396
-608.5484
-604.8786
-601.2301
-597.6027
-593.9967
-590.4116
-586.8476
-583.3047
-579.7827
-576.2815
-572.8013
-569.3418
-565.9029
-562.4848
-559.087
-555.7101
-552.3533
-549.017
-545.7009
-542.4051
-539.1294
-535.8737
-532.6381
-529.4224
-526.2264
-523.0504
-519.8937
-516.757
-513.6396
-510.5416
-507.463
-504.4035
-501.3636
-498.3423
-495.3403
-492.3572
-489.3927
-486.4473
-483.5203
-480.6119
-477.7221
-474.8505
-471.9974
-469.1624
-466.3454
-463.5466
-460.7658
-458.0028
-455.2573
-452.5297
-449.8197
-447.127
-444.4518
-441.7939
-439.1532
-436.5296
-433.9229
-431.3333
-428.7604
-426.2042
-423.6648
-421.1418
-418.6353
-416.1453
-413.6712
-411.2137
-408.772
-406.3464
-403.9366
-401.5427
-399.1646
-396.8017
-394.4548
-392.1232
-389.8067
-387.5057
-385.2197
-382.9489
-380.693
-378.4519
-376.2257
-374.0141
-371.8172
-369.6349
-367.4666
-365.3132
-363.1736
-361.0485
-358.9371
-356.8399
-354.7566
-352.687
-350.6312
-348.589
-346.5602
-344.5451
-342.5431
-340.5545
-338.5792
-336.6167
-334.6675
-332.7311
-330.8076
-328.8969
-326.9987
-325.1133
-323.2402
-321.3798
-319.5315
-317.6955
-315.8719
-314.0601
-312.2606
-310.4728
-308.6969
-306.933
-305.1804
-303.4399
-301.7105
-299.9928
-298.2865
-296.5914
-294.9075
-293.2349
-291.5733
-289.9227
-288.2831
-286.6542
-285.0362
-283.4288
-281.8322
-280.246
-278.6703
-277.1051
-275.5501
-274.0056
-272.471
-270.9467
-269.4325
-267.928
-266.4338
-264.9492
-263.4745
-262.0094
-260.554
-259.1082
-257.6718
-256.245
-254.8274
-253.4192
-252.0204
-250.6304
-249.2498
-247.8782
-246.5155
-245.1619
-243.817
-242.4809
-241.1536
-239.8348
-238.5249
-237.2234
-235.9304
-234.6459
-233.3695
-232.1017
-230.8421
-229.5906
-228.3473
-227.112
-225.8849
-224.6656
-223.4543
-222.2508
-221.0551
-219.8671
-218.6868
-217.5142
-216.3492
-215.1915
-214.0416
-212.8989
-211.7635
-210.6356
-209.5148
-208.4013
-207.2949
-206.1957
-205.1035
-204.0182
-202.9401
-201.8686
-200.8042
-199.7464
-198.6955
-197.6514
-196.6136
-195.5829
-194.5584
-193.5405
-192.5292
-191.5242
-190.5256
-189.5335
-188.5473
-187.5678
-186.5942
-185.6269
-184.6657
-183.7104
-182.7615
-181.8181
-180.8811
-179.9497
-179.0242
-178.1047
-177.1907
-176.2827
-175.3803
-174.4833
-173.5924
-172.7067
-171.8266
-170.9521
-170.083
-169.2193
-168.3609
-167.508
-166.6605
-165.8178
-164.9808
-164.1487
-163.322
-162.5002
-161.6835
-160.8721
-160.0653
-159.2638
-158.4672
-157.6753
-156.8886
-156.1063
-155.3293
-154.5567
-153.7889
-153.0259
-152.2675
-151.5138
-150.7646
-150.02
-149.28
-148.5445
-147.8134
-147.0868
-146.3646
-145.6468
-144.9332
-144.2243
-143.5193
-142.8186
-142.1224
-141.4302
-140.7421
-140.0584
-139.3785
-138.703
-138.0313
-137.3638
-136.7002
-136.0405
-135.385
-134.7332
-134.0853
-133.4415
-132.8011
-132.165
-131.5324
-130.9035
-130.2785
-129.6572
-129.0395
-128.4254
-127.8151
-127.2083
-126.605
-126.0055
-125.4092
-124.8168
-124.2275
-123.6419
-123.0597
-122.4808
-121.9054
-121.3334
-120.7645
-120.1992
-119.6371
-119.0782
-118.5226
-117.9703
-117.4211
-116.8752
-116.3323
-115.7927
-115.2561
-114.7227
-114.1923
-113.6651
-113.1407
-112.6195
-112.1014
-111.5859
-111.0736
-110.5643
-110.0578
-109.5542
-109.0535
-108.5557
-108.0607
-107.5685
-107.0792
-106.5924
-106.1087
-105.6276
-105.1492
-104.6736
-104.2006
-103.7302
-103.2627
-102.7976
-102.3353
-101.8754
-101.4183
-100.9636
-100.5115
-100.062
-99.615
-99.1704
-98.7283
-98.2888
-97.8516
-97.4169
-96.9846
-96.5547
-96.1273
-95.7021
-95.2793
-94.8588
-94.4409
-94.025
-93.6114
-93.2003
-92.7912
-92.3846
-91.98
-91.5779
-91.1777
-90.7798
-90.3842
-89.9906
-89.5993
-89.21
-88.8229
-88.4378
-88.055
-87.674
-87.2953
-86.9186
-86.5438
-86.1712
-85.8006
-85.4319
-85.0652
-84.7006
-84.3377
-83.9771
-83.6181
-83.2612
-82.9063
-82.553
-82.202
-81.8526
-81.505
-81.1595
-80.8156
-80.4737
-80.1336
-79.7951
-79.4588
-79.1237
-78.791
-78.4596
-78.1302
-77.8024
-77.4763
-77.1521
-76.8295
-76.5084
-76.1895
-75.8716
-75.5559
-75.2416
-74.929
-74.6181
-74.3086
-74.0011
269551072.6
-269185525.4
