-631.2676
-628.1606
-625.0663
-621.9842
-618.9145
-615.8576
-612.8127
-609.7806
-606.761
-603.7537
-600.7594
-597.7774
-594.808
-591.8512
-588.9072
-585.9756
-583.0567
-580.1506
-577.2569
-574.3761
-571.5078
-568.6521
-565.8093
-562.979
-560.1613
-557.3564
-554.5641
-551.7845
-549.0174
-546.263
-543.5214
-540.7921
-538.0756
-535.3718
-532.6803
-530.0015
-527.3354
-524.6817
-522.0405
-519.4117
-516.7957
-514.1918
-511.6007
-509.0219
-506.4553
-503.9014
-501.3596
-498.8304
-496.3132
-493.8086
-491.3161
-488.8358
-486.3677
-483.9119
-481.468
-479.0367
-476.617
-474.2096
-471.8143
-469.4307
-467.0593
-464.6998
-462.3522
-460.0165
-457.6924
-455.3804
-453.08
-450.7914
-448.5144
-446.2491
-443.9955
-441.7533
-439.5229
-437.3037
-435.0962
-432.9
-430.7152
-428.5419
-426.3797
-424.2288
-422.0893
-419.9608
-417.8434
-415.7375
-413.6421
-411.5581
-409.4851
-407.4227
-405.3716
-403.3311
-401.3015
-399.2826
-397.2746
-395.277
-393.2902
-391.3141
-389.3482
-387.3933
-385.4485
-383.5141
-381.5903
-379.6767
-377.7733
-375.8803
-373.9975
-372.1247
-370.2621
-368.4096
-366.567
-364.7344
-362.9118
-361.099
-359.2961
-357.5029
-355.7195
-353.9459
-352.1818
-350.4273
-348.6825
-346.9471
-345.2212
-343.5047
-341.7977
-340.0999
-338.4114
-336.7323
-335.0622
-333.4013
-331.7497
-330.1069
-328.4734
-326.8485
-325.2329
-323.6259
-322.028
-320.4387
-318.8583
-317.2864
-315.7235
-314.1688
-312.623
-311.0856
-309.5566
-308.0363
-306.5241
-305.0205
-303.5251
-302.038
-300.559
-299.0882
-297.6258
-296.1712
-294.7248
-293.2864
-291.8558
-290.4335
-289.0185
-287.6119
-286.2129
-284.8215
-283.438
-282.062
-280.6939
-279.3331
-277.9799
-276.6345
-275.2961
-273.9655
-272.642
-271.326
-270.0173
-268.7158
-267.4216
-266.1345
-264.8546
-263.5817
-262.3159
-261.0572
-259.8055
-258.5605
-257.3227
-256.0915
-254.8674
-253.6499
-252.4391
-251.2351
-250.0379
-248.8471
-247.6631
-246.4853
-245.3146
-244.1499
-242.9918
-241.8402
-240.6949
-239.5559
-238.4232
-237.2968
-236.1767
-235.0626
-233.9549
-232.8531
-231.7576
-230.6679
-229.5844
-228.5069
-227.4351
-226.3696
-225.3097
-224.2556
-223.2076
-222.165
-221.1285
-220.0974
-219.0723
-218.0525
-217.0385
-216.0301
-215.0273
-214.0297
-213.0379
-212.0513
-211.0704
-210.0947
-209.1243
-208.1593
-207.1997
-206.2451
-205.296
-204.3518
-203.4131
-202.4793
-201.5507
-200.6271
-199.7086
-198.7952
-197.8865
-196.9831
-196.0844
-195.1907
-194.3019
-193.4177
-192.5386
-191.6642
-190.7944
-189.9296
-189.0693
-188.2136
-187.3628
-186.5164
-185.6747
-184.8374
-184.0049
-183.1767
-182.353
-181.5339
-180.7189
-179.9087
-179.1027
-178.3008
-177.5037
-176.7105
-175.9218
-175.1373
-174.3568
-173.5809
-172.8088
-172.0411
-171.2773
-170.5178
-169.7623
-169.0108
-168.2632
-167.52
-166.7803
-166.0449
-165.3132
-164.5856
-163.8618
-163.1418
-162.4257
-161.7134
-161.0048
-160.3001
-159.599
-158.9019
-158.2082
-157.5184
-156.832
-156.1494
-155.4705
-154.795
-154.1232
-153.4549
-152.7901
-152.1288
-151.4711
-150.8168
-150.1659
-149.5184
-148.8745
-148.2337
-147.5965
-146.9625
-146.3319
-145.7046
-145.0805
-144.4598
-143.8422
-143.2279
-142.617
-142.0088
-141.4042
-140.8026
-140.2041
-139.6088
-139.0165
-138.4274
-137.8412
-137.2581
-136.6782
-136.1011
-135.5269
-134.956
-134.3876
-133.8226
-133.2603
-132.7007
-132.1445
-131.5905
-131.04
-130.4919
-129.9467
-129.4044
-128.8648
-128.328
-127.794
-127.2626
-126.734
-126.208
-125.685
-125.1642
-124.6464
-124.1312
-123.6184
-123.1085
-122.601
-122.0961
-121.5938
-121.0941
-120.5968
-120.1022
-119.6098
-119.1203
-118.6328
-118.1482
-117.6658
-117.1858
-116.7084
-116.2332
-115.7607
-115.2901
-114.8222
-114.3567
-113.8933
-113.4322
-112.9737
-112.5172
-112.0632
-111.6113
-111.1617
-110.7144
-110.2692
-109.8263
-109.3856
-108.9472
-108.5107
-108.0766
-107.6446
-107.2146
-106.7869
-106.3613
-105.9377
-105.5162
-105.0967
-104.6796
-104.2642
-103.851
-103.4399
-103.0305
-102.6236
-102.2182
-101.8151
-101.4139
-101.0145
-100.6173
-100.222
-99.8284
-99.4369
-99.0473
-98.6597
-98.2737
-97.8897
-97.5077
-97.1273
-96.749
-96.3724
-95.9976
-95.6247
-95.2535
-94.8841
-94.5166
-94.1506
-93.7868
-93.4243
-93.0638
-92.705
-92.3477
-91.9926
-91.6386
-91.2867
-90.9364
-90.5876
-90.2407
-89.8953
-89.5517
-89.2095
-88.869
-88.5304
-88.193
-87.8575
-87.5234
-87.1908
-86.8602
-86.5306
-86.2031
-85.8767
-85.5521
-85.2289
-84.9072
-84.5872
-84.2685
-83.9514
-83.6358
-83.3215
-83.009
-82.6976
-82.3879
-82.0796
-81.7726
-81.4672
-81.1632
-80.8605
-80.5593
-80.2595
-79.9611
-79.6639
-79.3683
-79.0741
-78.7809
-78.4895
-78.1992
-77.9102
-77.6228
-77.3364
-77.0515
-76.7679
-76.4854
-76.2046
-75.9247
-75.6463
-75.369
-75.0931
-74.8185
-74.545
-74.2729
-74.0019
-73.7322
-73.4638
-73.1965
-72.9304
-72.6657
-72.4019
-72.1396
-71.8782
-71.6182
-71.3593
-71.1015
-70.845
-70.5895
-70.3353
-70.0822
-69.83
-69.5793
-69.3295
-69.081
-68.8334
-68.5869
-68.3417
-68.0975
-67.8544
-67.6123
-67.3713
-67.1315
-66.8926
-66.6549
-66.4182
-66.1824
-65.9479
-65.7144
-65.4817
-65.2502
-65.0197
-64.7902
-64.5617
-64.3344
-64.1078
-63.8822
-63.6579
-63.4343
-63.2119
-62.9902
-62.7696
-62.5502
-62.3313
-62.1137
-61.8969
-61.6811
-61.4662
-61.2523
-61.0392
-60.8272
-60.616
-60.4057
-60.1963
-59.988
-59.7803
-59.5737
-59.3681
-59.163
-58.9591
-58.756
-58.5537
-58.3523
-58.1519
-57.9522
-57.7533
-57.5554
-57.3584
-57.162
-56.9667
-56.772
-56.5782
-56.3854
-56.1931
-56.002
-55.8114
-55.6216
-55.4329
-55.2446
-55.0576
-54.8708
-54.6852
-54.5004
-54.316
-54.1328
-53.9502
-53.7682
-53.5873
-53.4069
-53.2273
-53.0486
-52.8704
-52.6932
-52.5165
-52.3408
-52.1656
-51.9912
-51.8176
-51.6446
-51.4724
-51.301
-51.1301
-50.9601
-50.7906
-50.6219
-50.454
-50.2867
-50.1201
-49.9542
-49.7889
-49.6244
-49.4605
-49.2973
-49.1348
-48.9729
344792578.7
-344425474.1
