-1260.2453
-1271.826
-1283.484
-1295.2183
-1307.0281
-1318.9125
-1330.8706
-1342.9013
-1355.0034
-1367.1761
-1379.4177
-1391.7274
-1404.1035
-1416.545
-1429.05
-1441.6174
-1454.2452
-1466.932
-1479.6761
-1492.4755
-1505.3284
-1518.2331
-1531.1872
-1544.1888
-1557.2357
-1570.3257
-1583.4565
-1596.6255
-1609.8305
-1623.0688
-1636.3378
-1649.6346
-1662.9567
-1676.3011
-1689.6649
-1703.0449
-1716.4381
-1729.8414
-1743.2513
-1756.6646
-1770.0779
-1783.4875
-1796.8898
-1810.2816
-1823.6584
-1837.017
-1850.353
-1863.6629
-1876.9424
-1890.1872
-1903.3934
-1916.5566
-1929.6726
-1942.7367
-1955.7448
-1968.692
-1981.5742
-1994.3863
-2007.1239
-2019.782
-2032.356
-2044.8412
-2057.2324
-2069.5248
-2081.7135
-2093.7935
-2105.7598
-2117.6072
-2129.331
-2140.9258
-2152.3865
-2163.7082
-2174.8857
-2185.914
-2196.7878
-2207.50229
-2218.05215
-2228.43242
-2238.63823
-2248.66425
-2258.50594
-2268.15807
-2277.61588
-2286.87451
-2295.92931
-2304.77542
-2313.40834
-2321.82333
-2330.01615
-2337.9822
-2345.71725
-2353.21697
-2360.47743
-2367.49432
-2374.26412
-2380.78263
-2387.04631
-2393.05177
-2398.79536
-2404.27374
-2409.48395
-2414.42289
-2419.08753
-2423.47527
-2427.5836
-2431.40985
-2434.952
-2438.20771
-2441.17523
-2443.85277
-2446.23856
-2448.33117
-2450.1297
-2451.632486
-2452.839199
-2453.74853
-2454.360532
-2454.674363
-2454.68997
-2454.407407
-2453.826936
-2452.948556
-2451.773211
-2450.30134
-2448.53396
-2446.47198
-2444.117
-2441.46998
-2438.53279
-2435.30724
-2431.79504
-2427.99839
-2423.91958
-2419.56095
-2414.92517
-2410.01487
-2404.83287
-2399.38235
-2393.66634
-2387.68817
-2381.45122
-2374.95905
-2368.21547
-2361.22402
-2353.98877
-2346.51375
-2338.80299
-2330.86079
-2322.69125
-2314.29907
-2305.68859
-2296.86434
-2287.83082
-2278.5931
-2269.15558
-2259.52321
-2249.70086
-2239.69349
-2229.50597
-2219.14326
-2208.61047
-2197.9126
-2187.0548
-2176.042
-2164.8793
-2153.572
-2142.125
-2130.5435
-2118.8325
-2106.9971
-2095.0425
-2082.9735
-2070.7953
-2058.5128
-2046.1311
-2033.6549
-2021.0893
-2008.4389
-1995.7087
-1982.9034
-1970.0277
-1957.0862
-1944.0835
-1931.0242
-1917.9127
-1904.7533
-1891.5506
-1878.3088
-1865.0318
-1851.7241
-1838.3897
-1825.0323
-1811.6563
-1798.2651
-1784.8628
-1771.4527
-1758.0387
-1744.6243
-1731.2129
-1717.8078
-1704.4124
-1691.0299
-1677.6632
-1664.3157
-1650.99
-1637.6894
-1624.4164
-1611.1737
-1597.9642
-1584.79
-1571.6543
-1558.5588
-1545.5062
-1532.4988
-1519.5383
-1506.6276
-1493.7681
-1480.9618
-1468.2109
-1455.5169
-1442.8818
-1430.3069
-1417.7943
-1405.3451
-1392.9608
-1380.6433
-1368.3933
-1356.2124
-1344.1017
-1332.0625
-1320.0957
-1308.2025
-1296.3838
-1284.6405
-1272.9735
-1261.3836
-1249.8717
-1238.4383
-1227.084
-1215.8097
-1204.616
-1193.503
-1182.4716
-1171.5219
-1160.6545
-1149.87
-1139.1679
-1128.5496
-1118.0142
-1107.5626
-1097.195
-1086.9111
-1076.7113
-1066.5956
-1056.5641
-1046.6165
-1036.7531
-1026.9738
-1017.2785
-1007.667
-998.1393
-988.695
-979.3343
-970.0568
-960.8622
-951.7503
-942.721
-933.774
-924.9085
-916.1249
-907.4226
-898.801
-890.2601
-881.7994
-873.4181
-865.1168
-856.8938
-848.7498
-840.6837
-832.6953
-824.7839
-816.9495
-809.191
-801.5084
-793.9011
-786.3685
-778.91
-771.5254
-764.2139
-756.975
-749.8084
-742.7132
-735.6893
-728.7356
-721.852
-715.0379
-708.2924
-701.6155
-695.0062
-688.4639
-681.9884
-675.5789
-669.2349
-662.9557
-656.7408
-650.5899
-644.502
-638.4768
-632.5137
-626.6121
-620.7713
-614.9909
-609.2705
-603.6092
-598.0064
-592.4621
-586.9751
-581.5452
-576.1717
-570.854
-565.5919
-560.3845
-555.2314
-550.132
-545.0856
-540.0921
-535.1506
-530.2608
-525.4219
-520.6335
-515.8954
-511.2065
-506.5669
-501.9755
-497.4321
-492.9365
-488.4873
-484.0852
-479.7287
-475.4178
-471.1519
-466.9305
-462.7534
-458.6196
-454.5291
-450.4812
-446.4755
-442.5116
-438.5888
-434.7071
-430.8658
-427.0641
-423.3025
-419.5795
-415.8953
-412.2495
-408.6414
-405.0708
-401.537
-398.04
-394.5791
-391.1539
-387.7643
-384.4095
-381.0894
-377.8034
-374.5515
-371.3329
-368.1474
-364.9947
-361.8743
-358.7859
-355.7292
-352.7038
-349.7092
-346.7455
-343.8117
-340.9081
-338.0339
-335.189
-332.3732
-329.5857
-326.8267
-324.0955
-321.3922
-318.716
-316.0669
-313.4446
-310.8487
-308.2789
-305.735
-303.2166
-300.7235
-298.2553
-295.8119
-293.393
-290.998
-288.6272
-286.2797
-283.9557
-281.655
-279.3766
-277.1214
-274.8881
-272.6769
-270.4877
-268.32
-266.1737
-264.0484
-261.9439
-259.8603
-257.797
-255.7537
-253.7306
-251.7271
-249.7432
-247.7784
-245.8328
-243.9063
-241.998
-240.1086
-238.2371
-236.3839
-234.5484
-232.7305
-230.9303
-229.1472
-227.3811
-225.6321
-223.8995
-222.1837
-220.4841
-218.8007
-217.1333
-215.4815
-213.8455
-212.225
-210.6198
-209.0295
-207.4543
-205.8941
-204.3482
-202.8168
-201.3
-199.797
-198.3084
-196.8332
-195.3721
-193.9244
-192.49
-191.0692
-189.661
-188.2663
-186.8841
-185.5147
-184.1581
-182.8134
-181.4815
-180.1617
-178.8535
-177.5579
-176.2734
-175.001
-173.74
-172.4904
-171.252
-170.0249
-168.809
-167.6036
-166.4093
-165.2257
-164.0526
-162.8901
-161.7379
-160.5959
-159.4641
-158.3424
-157.2305
-156.1287
-155.0363
-153.9538
-152.8806
-151.817
-150.7628
-149.7175
-148.6818
-147.6547
-146.6369
-145.6279
-144.6274
-143.6359
-142.6528
-141.6783
-140.7122
-139.7544
-138.8048
-137.8634
-136.9302
-136.0048
-135.0873
-134.1779
-133.2759
-132.3818
-131.4953
-130.6161
-129.7447
-128.8803
-128.0235
-127.1737
-126.3312
-125.4956
-124.6671
-123.8456
-123.0309
-122.2229
-121.4219
-120.6273
-119.8394
-119.0581
-118.283
-117.5147
-116.7524
-115.9965
-115.2468
-114.5033
-113.7659
-113.0344
-112.3091
-111.5895
-110.8757
-110.1681
-109.4657
-108.7695
-108.0786
-107.3933
-106.7138
-106.0395
-105.3706
-104.7072
-104.049
-103.3963
-102.7485
-102.106
-101.4687
-100.8362
-100.2092
-99.5866
-98.9693
-98.3566
-97.7489
-97.1461
-96.5478
-95.9543
-95.3654
-94.7811
-94.2015
-93.6261
-93.0556
-92.4892
-91.9273
-91.3697
-90.8166
-90.2675
-89.7228
-89.1821
-88.6459
-88.1135
-87.5853
-87.0611
-86.5408
-86.0247
-85.5123
-85.004
-84.4994
-83.9985
-83.5018
-83.0084
-82.5189
-82.0332
-81.5509
-81.0724
-80.5974
-80.126
-79.6581
-79.1935
-78.7327
-78.2751
-77.8209
-77.3701
-76.9226
-76.4785
-76.0375
-75.5999
-75.1655
-74.7341
-74.3062
194586018.7
-194219768.8
