-289.2309
-290.2568
-291.2864
-292.3198
-293.3569
-294.3979
-295.4427
-296.4912
-297.5436
-298.5999
-299.6599
-300.7239
-301.7918
-302.8633
-303.939
-305.0184
-306.1018
-307.189
-308.2802
-309.3754
-310.4744
-311.5773
-312.6844
-313.7952
-314.9101
-316.0291
-317.1517
-318.2787
-319.4095
-320.5444
-321.6832
-322.8262
-323.9731
-325.124
-326.2792
-327.4381
-328.6013
-329.7687
-330.9397
-332.1154
-333.2947
-334.4784
-335.6661
-336.8578
-338.0539
-339.2538
-340.4581
-341.6665
-342.8789
-344.0955
-345.3164
-346.5413
-347.7705
-349.0037
-350.2414
-351.4829
-352.7289
-353.9789
-355.2332
-356.4918
-357.7543
-359.0214
-360.2925
-361.5678
-362.8475
-364.1312
-365.4193
-366.7118
-368.0081
-369.3091
-370.6141
-371.9233
-373.237
-374.5548
-375.8769
-377.2033
-378.5339
-379.8688
-381.2079
-382.5515
-383.8991
-385.2512
-386.6074
-387.9679
-389.3329
-390.7019
-392.0753
-393.453
-394.8349
-396.2213
-397.6116
-399.0065
-400.4055
-401.8089
-403.2167
-404.6283
-406.0447
-407.465
-408.8898
-410.3188
-411.752
-413.1895
-414.6313
-416.0772
-417.5276
-418.982
-420.4408
-421.9038
-423.371
-424.8426
-426.318
-427.7981
-429.2821
-430.7704
-432.263
-433.7597
-435.2605
-436.7656
-438.2749
-439.7882
-441.3058
-442.8275
-444.3534
-445.8833
-447.4175
-448.9555
-450.498
-452.0443
-453.5948
-455.1495
-456.7079
-458.2707
-459.8373
-461.408
-462.9828
-464.5615
-466.1442
-467.7309
-469.3215
-470.9162
-472.5145
-474.1171
-475.7234
-477.3336
-478.9476
-480.5656
-482.1874
-483.8129
-485.4423
-487.0755
-488.7124
-490.3531
-491.9974
-493.6455
-495.2974
-496.9527
-498.612
-500.2746
-501.9409
-503.6108
-505.2843
-506.9613
-508.6417
-510.3258
-512.0133
-513.7041
-515.3984
-517.0962
-518.7972
-520.5017
-522.2092
-523.9204
-525.6346
-527.352
-529.0728
-530.7966
-532.5236
-534.2536
-535.9869
-537.7231
-539.4623
-541.2046
-542.9497
-544.6978
-546.4488
-548.2027
-549.9593
-551.7187
-553.481
-555.2459
-557.0133
-558.7837
-560.5565
-562.3317
-564.1099
-565.89
-567.673
-569.4582
-571.2458
-573.0358
-574.8279
-576.6224
-578.419
-580.2179
-582.0188
-583.8218
-585.6268
-587.4338
-589.2426
-591.0535
-592.8661
-594.6806
-596.4966
-598.3147
-600.134
-601.9552
-603.7778
-605.6019
-607.4276
-609.2545
-611.0827
-612.9124
-614.7432
-616.5751
-618.4083
-620.2424
-622.0777
-623.9137
-625.7508
-627.5887
-629.4273
-631.2666
-633.1068
-634.9474
-636.7885
-638.6301
-640.4723
-642.3146
-644.1575
-646.0004
-647.8434
-649.6867
-651.53
-653.3732
-655.2163
-657.0593
-658.902
-660.7446
-662.5866
-664.4283
-666.2694
-668.11
-669.9499
-671.7892
-673.6276
-675.4652
-677.3019
-679.1375
-680.9721
-682.8055
-684.6377
-686.4686
-688.2981
-690.1262
-691.9527
-693.7778
-695.6009
-697.4224
-699.2421
-701.0597
-702.8755
-704.6892
-706.5006
-708.3099
-710.1168
-711.9214
-713.7233
-715.5228
-717.3195
-719.1137
-720.9049
-722.6932
-724.4784
-726.2609
-728.0398
-729.8157
-731.5882
-733.3573
-735.1228
-736.8848
-738.643
-740.3976
-742.1481
-743.8949
-745.6374
-747.376
-749.1101
-750.8402
-752.5656
-754.2868
-756.0031
-757.7149
-759.4218
-761.124
-762.8211
-764.5133
-766.2001
-767.8819
-769.5583
-771.2291
-772.8946
-774.5544
-776.2085
-777.8568
-779.4991
-781.1355
-782.7658
-784.39
-786.0077
-787.6192
-789.224
-790.8226
-792.4143
-793.9992
-795.5773
-797.1485
-798.7126
-800.2696
-801.8192
-803.3617
-804.8966
-806.4239
-807.9438
-809.4558
-810.9601
-812.4564
-813.9447
-815.4249
-816.897
-818.3605
-819.81599
-821.26273
-822.70102
-824.13051
-825.55141
-826.96317
-828.36622
-829.76006
-831.14487
-832.52038
-833.88642
-835.24327
-836.59041
-837.92807
-839.25586
-840.57398
-841.88216
-843.18038
-844.46848
-845.74646
-847.01419
-848.2715
-849.51842
-850.75488
-851.98061
-853.19579
-854.40003
-855.59345
-856.77594
-857.94744
-859.1076
-860.25676
-861.39454
-862.5209
-863.63586
-864.73916
-865.83099
-866.91101
-867.9792
-869.03562
-870.07996
-871.11241
-872.13262
-873.1407
-874.13658
-875.12
-876.09108
-877.04966
-877.99561
-878.92912
-879.8497
-880.7576
-881.6526
-882.53486
-883.40388
-884.25999
-885.10299
-885.93272
-886.74929
-887.55247
-888.34231
-889.11868
-889.88161
-890.63093
-891.36653
-892.08867
-892.79689
-893.49135
-894.17198
-894.83874
-895.49146
-896.13027
-896.75483
-897.36557
-897.9618
-898.54417
-899.11198
-899.66564
-900.20497
-900.72979
-901.24027
-901.73629
-902.2177
-902.68455
-903.13692
-903.5746
-903.99753
-904.40584
-904.7994
-905.17823
-905.54214
-905.89134
-906.22561
-906.54501
-906.84955
-907.13904
-907.41362
-907.67326
-907.91784
-908.14738
-908.36194
-908.56137
-908.74572
-908.915031
-909.069216
-909.20816
-909.332126
-909.440904
-909.534498
-909.612902
-909.676173
-909.724309
-909.757258
-909.774915
-909.77749
-909.764878
-909.737079
-909.694092
-909.63592
-909.562611
-909.474064
-909.370435
-909.251566
-909.117773
-908.96853
-908.80442
-908.62516
-908.43073
-908.22132
-907.99677
-907.75729
-907.50269
-907.23316
-906.94871
-906.64916
-906.33476
-906.00559
-905.66132
-905.30241
-904.92856
-904.54001
-904.13663
-903.71859
-903.28584
-902.83848
-902.37656
-901.89988
-901.40884
-900.90331
-900.38317
-899.84884
-899.29994
-898.73682
-898.15945
-897.56784
-896.96198
-896.34204
-895.70808
-895.05992
-894.39795
-893.72204
-893.03211
-892.32857
-891.61109
-890.88007
-890.13522
-889.37697
-888.60505
-887.81985
-887.02098
-886.20903
-885.38367
-884.54517
-883.69339
-882.82872
-881.95092
-881.06019
-880.15659
-879.24027
-878.31113
-877.36937
-876.41495
-875.44808
-874.46885
-873.47707
-872.47315
-871.45698
-870.42863
-869.38828
-868.33586
-867.27167
-866.19553
-865.10775
-864.00828
-862.89722
-861.77463
-860.6407
-859.49537
-858.33883
-857.17117
-855.99236
-854.80257
-853.60195
-852.39051
-851.16813
-849.93546
-848.6919
-847.43816
-846.17375
-844.89935
-843.61459
-842.31971
-841.01487
-839.70012
-838.37549
-837.04118
-835.69715
-834.34361
-832.98056
-831.6082
-830.22656
-828.83565
-827.43581
-826.02678
-824.60903
-823.18238
-821.74698
-820.30304
-818.8506
-817.3896
-815.9205
-814.4429
-812.9573
-811.4637
-809.962
-808.4526
-806.9353
-805.4106
-803.878
-802.3381
-800.7909
-799.2363
-797.6746
-796.1057
-794.5299
-792.9473
-791.3578
-789.7615
-788.1588
-786.5494
-784.9338
-783.3118
-781.6835
-780.0491
-778.4087
-776.7624
172765169.9
-172642815.1
