-25.0725
-25.1497
-25.2275
-25.3055
-25.3839
-25.4624
-25.5413
-25.6206
-25.7
-25.7798
-25.8599
-25.9403
-26.0211
-26.102
-26.1833
-26.265
-26.3469
-26.4291
-26.5117
-26.5945
-26.6777
-26.7613
-26.8451
-26.9291
-27.0138
-27.0984
-27.1836
-27.269
-27.3547
-27.4409
-27.5273
-27.614
-27.7012
-27.7885
-27.8764
-27.9644
-28.0528
-28.1417
-28.2308
-28.3203
-28.41
-28.5004
-28.5907
-28.6817
-28.7729
-28.8645
-28.9563
-29.0488
-29.1413
-29.2344
-29.3278
-29.4216
-29.5157
-29.61
-29.7051
-29.8003
-29.8957
-29.992
-30.0882
-30.185
-30.2821
-30.3795
-30.4777
-30.5757
-30.6745
-30.7735
-30.8731
-30.9729
-31.0731
-31.1738
-31.2748
-31.3764
-31.4782
-31.5805
-31.6831
-31.7862
-31.8898
-31.9938
-32.098
-32.2028
-32.3079
-32.4137
-32.5197
-32.626
-32.7331
-32.8403
-32.9481
-33.0564
-33.1648
-33.2741
-33.3836
-33.4934
-33.6041
-33.7147
-33.8262
-33.9379
-34.0502
-34.1629
-34.2759
-34.3897
-34.5038
-34.6182
-34.7334
-34.8487
-34.9648
-35.0813
-35.1981
-35.3157
-35.4334
-35.552
-35.6707
-35.7902
-35.91
-36.0305
-36.1512
-36.2727
-36.3946
-36.5169
-36.6398
-36.7633
-36.8871
-37.0117
-37.1366
-37.2622
-37.3881
-37.5147
-37.6418
-37.7695
-37.8975
-38.0263
-38.1555
-38.2854
-38.4157
-38.5465
-38.6781
-38.81
-38.9426
-39.0758
-39.2094
-39.3438
-39.4785
-39.614
-39.75
-39.8866
-40.0237
-40.1615
-40.2998
-40.4389
-40.5782
-40.7186
-40.8591
-41.0007
-41.1425
-41.2851
-41.4283
-41.5721
-41.7165
-41.8616
-42.0073
-42.1537
-42.3005
-42.4482
-42.5964
-42.7454
-42.8948
-43.045
-43.196
-43.3474
-43.4996
-43.6525
-43.8059
-43.9602
-44.1151
-44.2705
-44.4269
-44.5837
-44.7414
-44.8997
-45.0588
-45.2184
-45.379
-45.5399
-45.702
-45.8645
-46.0278
-46.1919
-46.3565
-46.5223
-46.6883
-46.8554
-47.023
-47.1917
-47.3609
-47.5308
-47.7016
-47.8732
-48.0454
-48.2187
-48.3924
-48.5672
-48.7425
-48.9188
-49.096
-49.2736
-49.4525
-49.6318
-49.8121
-49.9933
-50.1752
-50.3579
-50.5416
-50.7259
-50.9113
-51.0974
-51.2845
-51.4722
-51.661
-51.8506
-52.0409
-52.2324
-52.4245
-52.6176
-52.8118
-53.0065
-53.2024
-53.399
-53.5967
-53.7953
-53.9946
-54.1951
-54.3964
-54.5987
-54.8018
-55.0061
-55.2112
-55.4172
-55.6242
-55.8324
-56.0413
-56.2513
-56.4622
-56.6742
-56.8872
-57.1011
-57.3161
-57.5322
-57.7491
-57.9672
-58.1862
-58.4065
-58.6275
-58.8498
-59.0731
-59.2974
-59.5229
-59.7492
-59.9771
-60.2056
-60.4353
-60.6663
-60.8982
-61.1314
-61.3655
-61.6009
-61.8375
-62.0749
-62.3138
-62.5537
-62.7948
-63.0372
-63.2804
-63.5251
-63.771
-64.0178
-64.2662
-64.5156
-64.7661
-65.0182
-65.2711
-65.5256
-65.781
-66.0379
-66.296
-66.5553
-66.8161
-67.0779
-67.3412
-67.6057
-67.8714
-68.1387
-68.407
-68.6769
-68.948
-69.2205
-69.4943
-69.7696
-70.046
-70.3241
-70.6033
-70.8841
-71.1662
-71.4498
-71.7347
-72.0211
-72.309
-72.5981
-72.8891
-73.1811
-73.4749
-73.77
-74.0665
-74.3649
-74.6644
-74.9656
-75.2684
-75.5725
-75.8783
-76.1858
-76.4945
-76.8051
-77.1171
-77.4308
-77.7461
-78.0628
-78.3815
-78.7015
-79.0234
-79.3468
-79.6718
-79.9987
-80.327
-80.6573
-80.989
-81.3227
-81.658
-81.9948
-82.3339
-82.6743
-83.0165
-83.3608
-83.7065
-84.0542
-84.4038
-84.755
-85.1082
-85.4632
-85.82
-86.1789
-86.5394
-86.902
-87.2663
-87.6328
-88.0009
-88.3711
-88.7434
-89.1174
-89.4935
-89.8717
-90.2518
-90.6339
-91.018
-91.4042
-91.7925
-92.1827
-92.5752
-92.9696
-93.3664
-93.765
-94.1657
-94.5689
-94.974
-95.3813
-95.7909
-96.2026
-96.6165
-97.0327
-97.4511
-97.8719
-98.2947
-98.7201
-99.1475
-99.5774
-100.0096
-100.4442
-100.8812
-101.3203
-101.7621
-102.2062
-102.6526
-103.1017
-103.553
-104.0069
-104.4633
-104.9221
-105.3836
-105.8474
-106.314
-106.7831
-107.2546
-107.7289
-108.2056
-108.6854
-109.1674
-109.6521
-110.1398
-110.6298
-111.1229
-111.6186
-112.1169
-112.6182
-113.1221
-113.629
-114.1387
-114.651
-115.1665
-115.6847
-116.206
-116.73
-117.2569
-117.7871
-118.3199
-118.856
-119.395
-119.937
-120.4821
-121.0303
-121.5816
-122.136
-122.6936
-123.2543
-123.8182
-124.3854
-124.9557
-125.5292
-126.1062
-126.6863
-127.2698
-127.8565
-128.4468
-129.0404
-129.6372
-130.2377
-130.8415
-131.4488
-132.0596
-132.6738
-133.2918
-133.9132
-134.5382
-135.1668
-135.7991
-136.435
-137.0746
-137.7179
-138.3651
-139.0157
-139.6705
-140.3288
-140.9911
-141.6572
-142.3272
-143.0011
-143.679
-144.3608
-145.0467
-145.7363
-146.4304
-147.1283
-147.8304
-148.5366
-149.2469
-149.9615
-150.6802
-151.4031
-152.1306
-152.862
-153.598
-154.3382
-155.0828
-155.832
-156.5853
-157.3434
-158.106
-158.8729
-159.6446
-160.4207
-161.2015
-161.9871
-162.7773
-163.5722
-164.3718
-165.1762
-165.9857
-166.7997
-167.6189
-168.4426
-169.2717
-170.1055
-170.9445
-171.7884
-172.6375
-173.4917
-174.351
-175.2156
-176.0854
-176.9604
-177.8408
-178.7264
-179.6175
-180.514
-181.4159
-182.3233
-183.2362
-184.1547
-185.0789
-186.0085
-186.9439
-187.8851
-188.8318
-189.7846
-190.743
-191.7074
-192.6776
-193.6539
-194.6361
-195.6242
-196.6186
-197.6189
-198.6257
-199.6384
-200.6573
-201.6826
-202.7143
-203.7521
-204.7968
-205.8473
-206.9049
-207.9686
-209.0392
-210.1163
-211.1999
-212.2907
-213.3877
-214.4918
-215.6029
-216.7205
-217.8455
-218.9771
-220.1161
-221.2619
-222.415
-223.5753
-224.7427
-225.9175
-227.0997
-228.2891
-229.4861
-230.6905
-231.9024
-233.122
-234.3492
-235.584
-236.8266
-238.077
-239.3354
-240.6013
-241.8755
-243.1576
-244.4477
-245.746
-247.0523
-248.367
-249.6899
-251.0211
-252.3608
-253.7087
-255.0654
-256.4304
-257.8042
-259.1865
-260.5775
-261.9775
-263.3861
-264.8038
-266.2303
-267.6658
-269.1106
-270.5642
-272.0272
-273.4994
-274.9808
-276.4719
-277.972
-279.4819
-281.0013
-282.5302
172257170.2
-172569082.1
