-514.21983
-514.49252
-514.76241
-515.02968
-515.29412
-515.55592
-515.815
-516.07128
-516.32489
-516.57561
-516.82365
-517.069
-517.31148
-517.5511
-517.78815
-518.02222
-518.25354
-518.48203
-518.70779
-518.93065
-519.15074
-519.36792
-519.58228
-519.79385
-520.00252
-520.20836
-520.41132
-520.61142
-520.80859
-521.00298
-521.19442
-521.38297
-521.56863
-521.75139
-521.93128
-522.10822
-522.28221
-522.45331
-522.62153
-522.78675
-522.94907
-523.10841
-523.2649
-523.4183
-523.56885
-523.71641
-523.86098
-524.00266
-524.14128
-524.27697
-524.40971
-524.53936
-524.66615
-524.78986
-524.91068
-525.02838
-525.14311
-525.25488
-525.36371
-525.46928
-525.57213
-525.67181
-525.76845
-525.86215
-525.95275
-526.0404
-526.12496
-526.20656
-526.28497
-526.36054
-526.43295
-526.50238
-526.56869
-526.63201
-526.692234
-526.749568
-526.803591
-526.854826
-526.902805
-526.947841
-526.989776
-527.028663
-527.064556
-527.097294
-527.126985
-527.153628
-527.177275
-527.19777
-527.215217
-527.229669
-527.241019
-527.2492172
-527.2544721
-527.2566267
-527.2556282
-527.2517918
-527.244593
-527.234555
-527.221366
-527.205127
-527.185789
-527.163455
-527.13802
-527.109486
-527.078008
-527.043325
-527.005699
-526.964972
-526.921145
-526.874323
-526.8244
-526.771534
-526.71546
-526.65645
-526.59434
-526.52922
-526.46102
-526.3898
-526.31551
-526.23825
-526.15785
-526.07456
-525.98806
-525.89873
-525.80623
-525.7107
-525.61228
-525.51074
-525.40618
-525.2987
-525.18804
-525.07457
-524.95803
-524.83841
-524.71587
-524.59033
-524.46184
-524.33026
-524.19583
-524.05825
-523.91795
-523.77443
-523.62807
-523.47879
-523.32638
-523.17121
-523.01302
-522.85186
-522.68779
-522.52079
-522.35079
-522.178
-522.00217
-521.8235
-521.64188
-521.45744
-521.26988
-521.0797
-520.88652
-520.69036
-520.49145
-520.2896
-520.08498
-519.87735
-519.66704
-519.45374
-519.23765
-519.01868
-518.79696
-518.57242
-518.34493
-518.11481
-517.88175
-517.6459
-517.40732
-517.16596
-516.92171
-516.67488
-516.42505
-516.1727
-515.91742
-515.65945
-515.39874
-515.13542
-514.86914
-514.60034
-514.32877
-514.05451
-513.77751
-513.49784
-513.21559
-512.93051
-512.6429
-512.35261
-512.05959
-511.76404
-511.46577
-511.16498
-510.86144
-510.55544
-510.24676
-509.93545
-509.62167
-509.30522
-508.98629
-508.66478
-508.3406
-508.01406
-507.68493
-507.35328
-507.01901
-506.68243
-506.34321
-506.00154
-505.65748
-505.31081
-504.96177
-504.61026
-504.25634
-503.89994
-503.54117
-503.17995
-502.81635
-502.45034
-502.08196
-501.71116
-501.33811
-500.96263
-500.58475
-500.20465
-499.82214
-499.43741
-499.05023
-498.66093
-498.26916
-497.87526
-497.47902
-497.08058
-496.67984
-496.27687
-495.87172
-495.46434
-495.05472
-494.64298
-494.22894
-493.81285
-493.39454
-492.97404
-492.55148
-492.12671
-491.69996
-491.27087
-490.83987
-490.40674
-489.97146
-489.53425
-489.09482
-488.65346
-488.21003
-487.76451
-487.31715
-486.86758
-486.41617
-485.96277
-485.50721
-485.05002
-484.59057
-484.12934
-483.66616
-483.20109
-482.73402
-482.26522
-481.79437
-481.32178
-480.84726
-480.37083
-479.89273
-479.41268
-478.93085
-478.44722
-477.96177
-477.47457
-476.98565
-476.49482
-476.00243
-475.50813
-475.01222
-474.51457
-474.01524
-473.51411
-473.01151
-472.507
-472.001
-471.4933
-470.9839
-470.4731
-469.9604
-469.4463
-468.9305
-468.4132
-467.8944
-467.3739
-466.8518
-466.3285
-465.8033
-465.2768
-464.7488
-464.2192
-463.6882
-463.1558
-462.6219
-462.0866
-461.5497
-461.0115
-460.472
-459.9309
-459.3887
-458.8447
-458.2998
-457.7533
-457.2055
-456.6564
-456.106
-455.5543
-455.0012
-454.4469
-453.8914
-453.3345
-452.7765
-452.2172
-451.6568
-451.0948
-450.532
-449.968
-449.4025
-448.8362
-448.2685
-447.6997
-447.1299
-446.5588
-445.9867
-445.4136
-444.8392
-444.2638
-443.6873
-443.1099
-442.5314
-441.9516
-441.3712
-440.7895
-440.207
-439.6234
-439.0387
-438.4533
-437.8667
-437.2794
-436.691
-436.1016
-435.5115
-434.9204
-434.3285
-433.7356
-433.1418
-432.5473
-431.9518
-431.3556
-430.7584
-430.1607
-429.5619
-428.9623
-428.3623
-427.761
-427.1593
-426.5567
-425.9535
-425.3494
-424.7447
-424.1392
-423.5331
-422.9263
-422.3188
-421.7106
-421.1018
-420.4923
-419.8822
-419.2715
-418.6601
-418.0482
-417.4356
-416.8225
-416.2088
-415.5946
-414.9797
-414.3644
-413.7484
-413.1321
-412.5152
-411.8976
-411.2798
-410.6613
-410.0425
-409.423
-408.8034
-408.1829
-407.5624
-406.9412
-406.3197
-405.6977
-405.0754
-404.4526
-403.8296
-403.2061
-402.5822
-401.9581
-401.3335
-400.7087
-400.0835
-399.4579
-398.8323
-398.206
-397.5797
-396.9531
-396.3261
-395.6989
-395.0715
-394.4438
-393.8159
-393.1878
-392.5594
-391.9309
-391.3021
-390.6732
-390.044
-389.4148
-388.7853
-388.1557
-387.526
-386.896
-386.266
-385.6359
-385.0057
-384.3753
-383.7448
-383.1143
-382.4836
-381.853
-381.2223
-380.5914
-379.9606
-379.3296
-378.6989
-378.0678
-377.4368
-376.806
-376.1748
-375.5441
-374.9131
-374.282
-373.6513
-373.0204
-372.3896
-371.7589
-371.1281
-370.4976
-369.8671
-369.2365
-368.6063
-367.9759
-367.3459
-366.7157
-366.0859
-365.4561
-364.8264
-364.197
-363.5674
-362.9384
-362.3093
-361.6804
-361.0517
-360.4232
-359.7949
-359.1668
-358.5387
-357.9112
-357.2835
-356.6564
-356.0293
-355.4024
-354.776
-354.1495
-353.5237
-352.8977
-352.2722
-351.647
-351.0219
-350.3975
-349.7729
-349.1488
-348.5251
-347.9015
-347.2785
-346.6556
-346.033
-345.411
-344.7891
-344.1677
-343.5465
-342.9257
-342.3054
-341.6853
-341.0656
-340.4464
-339.8274
-339.2091
-338.5909
-337.9732
-337.3559
-336.7391
-336.1226
-335.5065
-334.891
-334.2758
-333.6611
-333.0468
-332.433
-331.8196
-331.2067
-330.5942
-329.9823
-329.3707
-328.7598
-328.1492
-327.5392
-326.9295
-326.3206
-325.712
-325.1039
-324.4965
-323.8893
-323.2829
-322.677
-322.0715
-321.4666
-320.8623
-320.2584
-319.6552
-319.0524
-318.4503
-317.8488
-317.2476
-316.6472
-316.0474
-315.4479
-314.8493
-314.2512
-313.6536
-313.0566
-312.4602
-311.8645
-311.2693
-310.6748
-310.0809
-309.4875
-308.8949
-308.3027
-307.7113
-307.1205
-306.5303
-305.9408
-305.3518
-304.7636
-304.1759
-303.589
-303.0028
-302.417
-301.8321
-301.2477
-300.6641
-300.0811
-299.4988
-298.9172
-298.3362
-297.756
-297.1764
-296.5974
-296.0193
-295.4419
-294.8648
-294.289
-293.7134
-293.1389
-292.5648
-291.9915
-291.419
-290.8471
-290.2761
332927661.4
-332710671.3
