-2117.6939
-2112.66614
-2107.46209
-2102.08397
-2096.53434
-2090.81545
-2084.9298
-2078.88
-2072.66854
-2066.29824
-2059.77163
-2053.09139
-2046.26068
-2039.28178
-2032.15795
-2024.89197
-2017.48683
-2009.94534
-2002.27057
-1994.46573
-1986.53347
-1978.47724
-1970.29982
-1962.00462
-1953.5944
-1945.0724
-1936.4421
-1927.706
-1918.8678
-1909.9304
-1900.8968
-1891.7706
-1882.5543
-1873.2516
-1863.8654
-1854.3987
-1844.8546
-1835.2367
-1825.5471
-1815.7898
-1805.9672
-1796.0826
-1786.139
-1776.1391
-1766.0862
-1755.9828
-1745.8322
-1735.6369
-1725.4
-1715.1239
-1704.8118
-1694.4661
-1684.0897
-1673.685
-1663.2548
-1652.8015
-1642.328
-1631.8362
-1621.3291
-1610.8089
-1600.2778
-1589.7383
-1579.1928
-1568.6433
-1558.0921
-1547.5414
-1536.9933
-1526.4497
-1515.9129
-1505.3847
-1494.867
-1484.3619
-1473.8711
-1463.3963
-1452.9396
-1442.5022
-1432.0864
-1421.6932
-1411.3246
-1400.9822
-1390.6671
-1380.381
-1370.1254
-1359.9015
-1349.7109
-1339.5544
-1329.4337
-1319.35
-1309.3041
-1299.2974
-1289.3311
-1279.4059
-1269.5233
-1259.6837
-1249.8886
-1240.1385
-1230.4344
-1220.7775
-1211.1677
-1201.6068
-1192.0948
-1182.6328
-1173.2213
-1163.8608
-1154.5524
-1145.2961
-1136.0927
-1126.943
-1117.8468
-1108.8052
-1099.8184
-1090.8865
-1082.0107
-1073.1904
-1064.4265
-1055.7192
-1047.0687
-1038.4753
-1029.9393
-1021.4607
-1013.04
-1004.6771
-996.3724
-988.1258
-979.9373
-971.8075
-963.7361
-955.723
-947.7687
-939.8728
-932.0355
-924.2569
-916.5367
-908.8751
-901.2718
-893.727
-886.2403
-878.8121
-871.4417
-864.1293
-856.8749
-849.678
-842.5388
-835.4567
-828.4319
-821.4643
-814.5532
-807.6989
-800.9008
-794.159
-787.4731
-780.8429
-774.2682
-767.7487
-761.2839
-754.8741
-748.5185
-742.2173
-735.9695
-729.7756
-723.6348
-717.5472
-711.512
-705.5294
-699.5986
-693.7198
-687.8922
-682.1158
-676.3903
-670.7149
-665.0901
-659.5146
-653.9889
-648.5123
-643.0842
-637.7049
-632.3734
-627.0899
-621.8536
-616.6645
-611.5221
-606.426
-601.376
-596.3717
-591.4125
-586.4985
-581.6291
-576.804
-572.0227
-567.285
-562.5906
-557.939
-553.33
-548.7631
-544.2381
-539.7545
-535.3121
-530.9105
-526.5493
-522.2282
-517.9469
-513.7051
-509.5021
-505.338
-501.2124
-497.1248
-493.0748
-489.0624
-485.0869
-481.1482
-477.2459
-473.3798
-469.5492
-465.7542
-461.9943
-458.2692
-454.5784
-450.922
-447.2993
-443.7102
-440.1541
-436.6313
-433.1407
-429.6827
-426.2565
-422.8622
-419.4991
-416.1672
-412.866
-409.5955
-406.355
-403.1447
-399.9639
-396.8124
-393.6901
-390.5966
-387.5317
-384.4951
-381.4861
-378.5051
-375.5517
-372.6252
-369.7259
-366.853
-364.0066
-361.1864
-358.3919
-355.6233
-352.8799
-350.1617
-347.4685
-344.7997
-342.1555
-339.5354
-336.9392
-334.3669
-331.8177
-329.292
-326.7892
-324.3092
-321.8518
-319.4166
-317.0036
-314.6125
-312.2429
-309.8951
-307.5681
-305.2626
-302.9777
-300.7132
-298.4696
-296.2457
-294.0422
-291.8585
-289.694
-287.5494
-285.4237
-283.3173
-281.2296
-279.1606
-277.1101
-275.0777
-273.0638
-271.0675
-269.089
-267.1282
-265.1847
-263.2585
-261.3494
-259.457
-257.5815
-255.7225
-253.8799
-252.0535
-250.2431
-248.4489
-246.6701
-244.9071
-243.1595
-241.4272
-239.71
-238.0077
-236.3205
-234.6478
-232.9896
-231.346
-229.7164
-228.1012
-226.4998
-224.9123
-223.3386
-221.7782
-220.2315
-218.6981
-217.1776
-215.6705
-214.1761
-212.6946
-211.2257
-209.7693
-208.3255
-206.8937
-205.4745
-204.0669
-202.6715
-201.288
-199.9159
-198.5557
-197.207
-195.8692
-194.5432
-193.228
-191.9241
-190.631
-189.3487
-188.0772
-186.8162
-185.5659
-184.3259
-183.0961
-181.8768
-180.6674
-179.4681
-178.2787
-177.099
-175.9293
-174.7691
-173.6183
-172.4773
-171.3452
-170.2229
-169.1093
-168.0052
-166.9099
-165.8234
-164.746
-163.6773
-162.6172
-161.5657
-160.5228
-159.4881
-158.4621
-157.444
-156.4344
-155.4327
-154.4391
-153.4535
-152.4759
-151.5058
-150.5437
-149.5892
-148.6423
-147.7029
-146.7708
-145.8465
-144.9291
-144.0191
-143.1164
-142.2207
-141.3319
-140.4504
-139.5755
-138.7078
-137.8465
-136.9921
-136.1445
-135.3033
-134.4687
-133.6407
-132.819
-132.0037
-131.1945
-130.392
-129.5954
-128.8048
-128.0206
-127.2421
-126.4699
-125.7034
-124.9427
-124.1881
-123.4388
-122.6957
-121.9579
-121.2258
-120.4993
-119.7782
-119.0627
-118.3525
-117.6475
-116.9481
-116.2538
-115.5646
-114.8809
-114.2019
-113.5282
-112.8596
-112.1958
-111.537
-110.883
-110.2342
-109.5897
-108.9503
-108.3157
-107.6854
-107.0601
-106.4391
-105.8229
-105.2112
-104.6038
-104.001
-103.4025
-102.8084
-102.2187
-101.6331
-101.052
-100.4748
-99.9021
-99.3333
-98.7687
-98.2081
-97.6516
-97.0991
-96.5506
-96.0058
-95.4652
-94.9283
-94.3953
-93.8659
-93.3405
-92.8188
-92.3006
-91.7863
-91.2755
-90.7683
-90.2649
-89.7647
-89.2681
-88.7752
-88.2855
-87.7995
-87.3167
-86.8373
-86.3612
-85.8884
-85.419
-84.9528
-84.4898
-84.0301
-83.5733
-83.1201
-82.6696
-82.2225
-81.7784
-81.337
-80.8991
-80.464
-80.0319
-79.6026
-79.1764
-78.753
-78.3327
-77.9148
-77.5001
-77.0881
-76.6789
-76.2724
-75.8687
-75.4676
-75.0693
-74.6737
-74.2807
-73.8902
-73.5025
-73.1172
-72.7347
-72.3545
-71.977
-71.602
-71.2292
-70.8593
-70.4915
-70.1262
-69.7634
-69.4029
-69.0448
-68.6891
-68.3356
-67.9845
-67.6356
-67.289
-66.9448
-66.6026
-66.2629
-65.925
-65.5898
-65.2563
-64.9252
-64.5963
-64.2692
-63.9445
-63.6217
-63.3012
-62.9824
-62.6659
-62.3514
-62.0388
-61.7283
-61.4196
-61.1129
-60.8084
-60.5055
-60.2047
-59.9058
-59.6086
-59.3135
-59.0201
-58.7286
-58.4389
-58.151
-57.865
-57.5807
-57.2981
-57.0174
-56.7383
-56.4612
-56.1854
-55.9117
-55.6394
-55.3689
-55.1002
-54.8329
-54.5673
-54.3036
-54.0411
-53.7806
-53.5214
-53.2639
-53.008
-52.7535
-52.5008
-52.2494
-51.9996
-51.7514
-51.5045
-51.2594
-51.0155
-50.7731
-50.5323
-50.2928
-50.0549
-49.8182
-49.5831
-49.3493
-49.117
-48.8859
-48.6564
-48.428
-48.2013
-47.9757
-47.7514
-47.5286
-47.307
-47.0866
-46.8677
-46.6501
-46.4335
-46.2185
-46.0046
-45.7919
-45.5805
-45.3704
-45.1614
-44.9537
-44.7471
-44.5419
250324564.3
-249952695.3
