-186.4883
-187.4822
-188.4824
-189.4892
-190.5026
-191.5223
-192.549
-193.5823
-194.6224
-195.6692
-196.7229
-197.7835
-198.851
-199.9256
-201.0074
-202.0959
-203.1919
-204.295
-205.4053
-206.5231
-207.6481
-208.7806
-209.9206
-211.0681
-212.2231
-213.3859
-214.5564
-215.7345
-216.9206
-218.1144
-219.3162
-220.5261
-221.7438
-222.9698
-224.204
-225.4461
-226.6969
-227.9558
-229.2231
-230.499
-231.7833
-233.0762
-234.3778
-235.6881
-237.0071
-238.335
-239.6719
-241.0176
-242.3724
-243.7364
-245.1093
-246.4917
-247.8833
-249.2841
-250.6948
-252.1144
-253.5439
-254.9831
-256.4318
-257.8905
-259.3588
-260.8372
-262.3254
-263.8239
-265.3324
-266.8511
-268.3802
-269.9193
-271.4692
-273.0295
-274.6002
-276.1819
-277.7739
-279.377
-280.9908
-282.6158
-284.2515
-285.8986
-287.5567
-289.2261
-290.9068
-292.5991
-294.3027
-296.018
-297.7449
-299.4836
-301.2342
-302.9965
-304.7709
-306.5575
-308.356
-310.1669
-311.9901
-313.8258
-315.6739
-317.5345
-319.408
-321.294
-323.193
-325.1049
-327.0296
-328.9679
-330.9189
-332.8833
-334.8614
-336.8525
-338.8574
-340.8758
-342.908
-344.9542
-347.0138
-349.0881
-351.1759
-353.2782
-355.3947
-357.5255
-359.6709
-361.8307
-364.0052
-366.1946
-368.3986
-370.6178
-372.8516
-375.1011
-377.3654
-379.6451
-381.9403
-384.2508
-386.5771
-388.9192
-391.2767
-393.6505
-396.0401
-398.4456
-400.8677
-403.3057
-405.7603
-408.2313
-410.7189
-413.2231
-415.7441
-418.2819
-420.8368
-423.4086
-425.9977
-428.6039
-431.2276
-433.8686
-436.5273
-439.2035
-441.8974
-444.6094
-447.339
-450.0868
-452.8529
-455.6367
-458.4394
-461.26
-464.0994
-466.9575
-469.834
-472.7294
-475.6437
-478.5769
-481.5294
-484.5007
-487.4916
-490.5015
-493.5311
-496.5801
-499.6486
-502.7372
-505.845
-508.9731
-512.1211
-515.2889
-518.4772
-521.6853
-524.914
-528.1631
-531.4323
-534.7225
-538.0329
-541.3641
-544.7164
-548.089
-551.483
-554.8977
-558.3335
-561.7905
-565.2687
-568.7681
-572.2888
-575.831
-579.3947
-582.9797
-586.5865
-590.2147
-593.8649
-597.5366
-601.2301
-604.9456
-608.6828
-612.442
-616.2234
-620.0264
-623.8518
-627.6991
-631.5687
-635.4604
-639.3742
-643.3103
-647.2685
-651.2492
-655.252
-659.2772
-663.3246
-667.3944
-671.4865
-675.6009
-679.7377
-683.8968
-688.078
-692.282
-696.5078
-700.7561
-705.0267
-709.3193
-713.6345
-717.9715
-722.3308
-726.7123
-731.1155
-735.5411
-739.9885
-744.4577
-748.9489
-753.4617
-757.9964
-762.5526
-767.1303
-771.7296
-776.3502
-780.9919
-785.6551
-790.3392
-795.0442
-799.7701
-804.5168
-809.284
-814.0717
-818.8797
-823.7079
-828.5562
-833.4242
-838.312
-843.2195
-848.1462
-853.0921
-858.057
-863.0407
-868.0431
-873.0639
-878.1027
-883.1597
-888.2342
-893.3264
-898.4358
-903.5622
-908.7054
-913.865
-919.0409
-924.2326
-929.4401
-934.663
-939.9008
-945.1535
-950.4204
-955.7017
-960.9965
-966.3049
-971.6263
-976.9604
-982.307
-987.6653
-993.0355
-998.4167
-1003.8087
-1009.2111
-1014.6236
-1020.0456
-1025.4765
-1030.9163
-1036.3643
-1041.82
-1047.2829
-1052.7528
-1058.2287
-1063.7107
-1069.198
-1074.6898
-1080.1862
-1085.6861
-1091.1894
-1096.6953
-1102.2032
-1107.7125
-1113.223
-1118.7338
-1124.2442
-1129.7539
-1135.262
-1140.7682
-1146.2716
-1151.7715
-1157.2677
-1162.759
-1168.245
-1173.7252
-1179.1985
-1184.6646
-1190.1225
-1195.5717
-1201.0114
-1206.4411
-1211.8596
-1217.2665
-1222.6611
-1228.0423
-1233.4099
-1238.7626
-1244.0999
-1249.4211
-1254.7251
-1260.0113
-1265.2789
-1270.5272
-1275.7552
-1280.9622
-1286.1472
-1291.3098
-1296.4487
-1301.5631
-1306.6527
-1311.7161
-1316.7524
-1321.7613
-1326.7414
-1331.6922
-1336.6126
-1341.5019
-1346.3591
-1351.1835
-1355.974
-1360.7299
-1365.4504
-1370.1343
-1374.7812
-1379.3898
-1383.9593
-1388.489
-1392.9781
-1397.4253
-1401.83022
-1406.19158
-1410.50885
-1414.78099
-1419.00703
-1423.18642
-1427.31808
-1431.40109
-1435.4349
-1439.41838
-1443.35088
-1447.23135
-1451.05923
-1454.83355
-1458.55349
-1462.21835
-1465.82714
-1469.37923
-1472.87382
-1476.3101
-1479.68729
-1483.00464
-1486.2614
-1489.45693
-1492.59025
-1495.66103
-1498.66816
-1501.6112
-1504.48944
-1507.30203
-1510.04863
-1512.72828
-1515.34045
-1517.88473
-1520.36022
-1522.76634
-1525.10278
-1527.36881
-1529.56378
-1531.68734
-1533.73891
-1535.71796
-1537.62401
-1539.4567
-1541.2153
-1542.89985
-1544.50937
-1546.04394
-1547.50295
-1548.88597
-1550.19279
-1551.42321
-1552.57658
-1553.65281
-1554.65169
-1555.5729
-1556.41607
-1557.18131
-1557.86803
-1558.47646
-1559.006068
-1559.457052
-1559.829056
-1560.122129
-1560.336062
-1560.471011
-1560.526662
-1560.503277
-1560.400647
-1560.218979
-1559.958225
-1559.618276
-1559.199608
-1558.702058
-1558.1258
-1557.47091
-1556.73773
-1555.92635
-1555.03688
-1554.06975
-1553.02505
-1551.90299
-1550.7041
-1549.4284
-1548.07638
-1546.64832
-1545.1446
-1543.56556
-1541.91159
-1540.18316
-1538.38063
-1536.50447
-1534.55513
-1532.53303
-1530.4389
-1528.27294
-1526.03582
-1523.72806
-1521.35032
-1518.90305
-1516.38673
-1513.8022
-1511.15003
-1508.43066
-1505.64491
-1502.79337
-1499.87667
-1496.89559
-1493.85077
-1490.74284
-1487.57258
-1484.34074
-1481.04803
-1477.69511
-1474.28286
-1470.81207
-1467.2832
-1463.69754
-1460.05537
-1456.35794
-1452.60557
-1448.79956
-1444.94037
-1441.029
-1437.06622
-1433.05285
-1428.98987
-1424.87785
-1420.71797
-1416.51068
-1412.25736
-1407.95843
-1403.61482
-1399.22769
-1394.7976
-1390.3254
-1385.8123
-1381.2589
-1376.666
-1372.0348
-1367.3658
-1362.6601
-1357.9187
-1353.142
-1348.3314
-1343.4875
-1338.6112
-1333.7034
-1328.7648
-1323.7967
-1318.7993
-1313.7742
-1308.7216
-1303.6427
-1298.5383
-1293.4093
-1288.2562
-1283.0804
-1277.882
-1272.6627
-1267.4225
-1262.1628
-1256.8839
-1251.5871
-1246.2729
-1240.942
-1235.5955
-1230.234
-1224.8581
-1219.469
-1214.067
-1208.653
-1203.2279
-1197.7922
-1192.3468
-1186.8923
-1181.4295
-1175.959
-1170.4816
-1164.9979
-1159.5086
-1154.0143
-1148.5159
-1143.0138
-1137.5087
-1132.0013
-1126.4921
-1120.982
-1115.4712
-1109.9607
-1104.4507
-1098.9421
-1093.4354
-1087.931
-1082.4296
-1076.9317
-1071.4379
-1065.9487
-1060.4646
-1054.9861
-1049.5137
-1044.0477
-1038.5892
-1033.1379
-1027.6949
-1022.2602
-1016.8344
-1011.4181
-1006.0114
-1000.6153
-995.2295
-989.8547
-984.4916
-979.1402
-973.8009
-968.4743
-963.1605
-957.8601
-952.5733
-947.3006
-942.0419
-936.7979
-931.5691
-926.3552
-921.157
-915.9746
-910.8083
-905.6584
-900.5251
-895.4088
-890.3096
-885.2277
-880.1636
112143491.5
-111929290.6
