-240.6153
-241.7871
-242.9653
-244.1505
-245.3423
-246.5408
-247.7463
-248.9585
-250.1778
-251.4039
-252.637
-253.8772
-255.1245
-256.3788
-257.6403
-258.9089
-260.185
-261.4682
-262.7586
-264.0567
-265.3617
-266.6748
-267.9948
-269.3227
-270.658
-272.0009
-273.3516
-274.7099
-276.076
-277.4498
-278.8316
-280.2211
-281.6187
-283.0241
-284.4377
-285.8591
-287.2888
-288.7267
-290.1725
-291.6269
-293.0893
-294.5602
-296.0395
-297.5269
-299.0233
-300.5276
-302.041
-303.5626
-305.0932
-306.6322
-308.1801
-309.7367
-311.3022
-312.8767
-314.4599
-316.0522
-317.6534
-319.264
-320.8834
-322.5121
-324.1498
-325.7972
-327.4535
-329.1194
-330.7946
-332.4792
-334.1735
-335.8771
-337.5905
-339.3135
-341.0461
-342.7885
-344.5407
-346.3027
-348.0747
-349.8566
-351.6483
-353.4503
-355.2621
-357.0843
-358.9165
-360.759
-362.6117
-364.4748
-366.3482
-368.2321
-370.1264
-372.0312
-373.9466
-375.8726
-377.8092
-379.7566
-381.7146
-383.6837
-385.6633
-387.6539
-389.6556
-391.668
-393.6917
-395.7263
-397.7721
-399.829
-401.8972
-403.9767
-406.0675
-408.1693
-410.2831
-412.4079
-414.5442
-416.6924
-418.8517
-421.023
-423.2057
-425.4003
-427.6065
-429.8245
-432.0545
-434.2961
-436.5499
-438.8155
-441.093
-443.3828
-445.6845
-447.9984
-450.3243
-452.6626
-455.013
-457.3757
-459.7506
-462.1382
-464.5377
-466.95
-469.3745
-471.8116
-474.2613
-476.7233
-479.1981
-481.6854
-484.1854
-486.6981
-489.2234
-491.7616
-494.3123
-496.8761
-499.4526
-502.0417
-504.6441
-507.259
-509.8871
-512.528
-515.1818
-517.8488
-520.5286
-523.2214
-525.9275
-528.6463
-531.3784
-534.1235
-536.8817
-539.6532
-542.4375
-545.2351
-548.0458
-550.8698
-553.7068
-556.5568
-559.4205
-562.2968
-565.1866
-568.0895
-571.0056
-573.9347
-576.8772
-579.8327
-582.8015
-585.7832
-588.7784
-591.7864
-594.8077
-597.8421
-600.8893
-603.95
-607.0235
-610.1101
-613.2097
-616.3222
-619.4478
-622.5862
-625.7375
-628.9019
-632.0788
-635.2688
-638.4713
-641.6867
-644.9147
-648.1553
-651.4087
-654.6744
-657.9528
-661.2435
-664.5467
-667.8621
-671.1899
-674.5299
-677.882
-681.2462
-684.6225
-688.0107
-691.4106
-694.8227
-698.2462
-701.6815
-705.1283
-708.5866
-712.0563
-715.5373
-719.0294
-722.5328
-726.0471
-729.5724
-733.1084
-736.6552
-740.2124
-743.7803
-747.3586
-750.9468
-754.5455
-758.154
-761.7725
-765.4007
-769.0382
-772.6857
-776.3422
-780.0079
-783.6828
-787.3663
-791.0589
-794.7598
-798.4693
-802.187
-805.9126
-809.6465
-813.3879
-817.1368
-820.8934
-824.6569
-828.4275
-832.2051
-835.9892
-839.7798
-843.5765
-847.3793
-851.1881
-855.0023
-858.822
-862.6468
-866.4768
-870.3112
-874.1504
-877.9936
-881.841
-885.6922
-889.5469
-893.4048
-897.266
-901.1297
-904.9962
-908.8647
-912.7354
-916.6078
-920.4816
-924.3566
-928.2325
-932.1089
-935.9859
-939.8627
-943.7392
-947.6153
-951.4904
-955.3644
-959.2369
-963.1075
-966.9761
-970.8422
-974.7056
-978.5657
-982.4226
-986.2756
-990.1245
-993.9691
-997.8087
-1001.6433
-1005.4722
-1009.2955
-1013.1126
-1016.9229
-1020.7264
-1024.5225
-1028.3111
-1032.0916
-1035.8635
-1039.6268
-1043.3807
-1047.1252
-1050.8598
-1054.5838
-1058.2972
-1061.9994
-1065.6902
-1069.3688
-1073.0353
-1076.6889
-1080.3294
-1083.9563
-1087.5693
-1091.1678
-1094.7516
-1098.32
-1101.8729
-1105.4096
-1108.9301
-1112.4333
-1115.9195
-1119.3878
-1122.8378
-1126.2693
-1129.6817
-1133.0748
-1136.4477
-1139.8005
-1143.1325
-1146.4431
-1149.7323
-1152.9993
-1156.2439
-1159.4654
-1162.6638
-1165.838
-1168.9885
-1172.1139
-1175.21428
-1178.28926
-1181.33828
-1184.36087
-1187.35666
-1190.32523
-1193.266
-1196.17897
-1199.06326
-1201.91857
-1204.74463
-1207.54094
-1210.30703
-1213.04264
-1215.74704
-1218.42028
-1221.06157
-1223.67069
-1226.24729
-1228.79067
-1231.30095
-1233.77722
-1236.2194
-1238.6271
-1240.9997
-1243.33724
-1245.63895
-1247.90454
-1250.134
-1252.3264
-1254.48196
-1256.59985
-1258.68005
-1260.72206
-1262.72558
-1264.6904
-1266.61599
-1268.50209
-1270.34854
-1272.15491
-1273.92076
-1275.64614
-1277.33044
-1278.97358
-1280.57505
-1282.13496
-1283.65261
-1285.12801
-1286.56091
-1287.95086
-1289.29789
-1290.6016
-1291.86172
-1293.07825
-1294.2507
-1295.37907
-1296.46318
-1297.50262
-1298.49741
-1299.44735
-1300.35222
-1301.2119
-1302.0261
-1302.79497
-1303.51807
-1304.19549
-1304.82693
-1305.41246
-1305.95183
-1306.44506
-1306.8919
-1307.292497
-1307.646525
-1307.954208
-1308.215225
-1308.429631
-1308.597529
-1308.718552
-1308.793016
-1308.820868
-1308.80174
-1308.736209
-1308.623752
-1308.464682
-1308.259052
-1308.006758
-1307.707904
-1307.362442
-1306.97067
-1306.53251
-1306.04794
-1305.51724
-1304.94039
-1304.31752
-1303.64881
-1302.93417
-1302.17393
-1301.36823
-1300.51707
-1299.62062
-1298.67928
-1297.69275
-1296.66172
-1295.586
-1294.46596
-1293.30169
-1292.09346
-1290.84145
-1289.54597
-1288.20705
-1286.82513
-1285.40022
-1283.93287
-1282.42304
-1280.87112
-1279.27737
-1277.64206
-1275.96539
-1274.24783
-1272.48944
-1270.69065
-1268.8518
-1266.97303
-1265.05483
-1263.09733
-1261.10115
-1259.06619
-1256.99324
-1254.88229
-1252.73388
-1250.5483
-1248.32574
-1246.06702
-1243.77189
-1241.44111
-1239.0751
-1236.67385
-1234.23825
-1231.76823
-1229.26431
-1226.72712
-1224.15673
-1221.5537
-1218.9183
-1216.25116
-1213.55243
-1210.82271
-1208.06229
-1205.2716
-1202.45112
-1199.60121
-1196.72229
-1193.81479
-1190.87906
-1187.91569
-1184.92494
-1181.9074
-1178.86327
-1175.79318
-1172.6974
-1169.5766
-1166.431
-1163.261
-1160.0671
-1156.85
-1153.6096
-1150.3468
-1147.0617
-1143.7551
-1140.427
-1137.0781
-1133.7088
-1130.3196
-1126.9107
-1123.4828
-1120.0361
-1116.5712
-1113.0884
-1109.5882
-1106.071
-1102.5374
-1098.9873
-1095.4218
-1091.8408
-1088.245
-1084.6348
-1081.0103
-1077.3725
-1073.7211
-1070.057
-1066.3807
-1062.6921
-1058.9919
-1055.2807
-1051.5585
-1047.8259
-1044.0832
-1040.331
-1036.5694
-1032.799
-1029.0201
-1025.233
-1021.4383
-1017.6361
-1013.8268
-1010.0112
-1006.1889
-1002.3611
-998.5274
-994.6886
-990.845
-986.9969
-983.1445
-979.2884
-975.4287
-971.566
-967.7002
-963.8322
-959.9618
-956.0896
-952.2158
-948.3409
-944.465
-940.5885
-936.7115
-932.8347
-928.9581
-925.082
-921.2068
-917.3326
-913.4601
-909.5889
-905.72
-901.853
-897.9887
-894.1271
-890.2684
-886.4131
-882.5613
-878.713
-874.869
-871.0289
-867.1936
-863.3629
-859.5368
-855.7163
-851.9009
-848.0911
-844.2872
-840.4891
-836.6974
-832.912
-829.1332
-825.3612
-821.5962
-817.8385
129115689.1
-128918459.9
